F 1824.839883 1880.660829 3.717551
E 0.000000 100.000000 100.000000 0.174533
F 1824.839883 1880.660829 3.717551
E 0.000000 100.000000 100.000000 0.174533
F 1824.839883 1880.660829 3.717551
E 0.000000 100.000000 100.000000 0.174533
F 1824.839883 1880.660829 3.717551
E 0.000000 100.000000 100.000000 0.174533
F 1824.839883 1880.660829 3.717551
E 0.000000 100.000000 100.000000 0.174533
F 1824.839883 1880.660829 3.717551
E 0.000000 100.000000 100.000000 0.174533
F 1824.839883 1880.660829 3.717551
E 0.000000 100.000000 100.000000 0.174533
F 1824.839883 1880.660829 3.717551
E 0.000000 100.000000 100.000000 0.174533
F 1824.839883 1880.660829 3.717551
E 0.000000 100.000000 100.000000 0.174533
F 1824.839883 1880.660829 3.717551
E 0.000000 100.000000 100.000000 0.174533
F 1824.839883 1880.660829 3.717551
E 0.000000 100.000000 100.000000 0.174533
F 1824.839883 1880.660829 3.717551
E 0.000000 100.000000 100.000000 0.174533
F 1824.839883 1880.660829 3.717551
E 0.000000 100.000000 100.000000 0.174533
F 1804.058465 1867.165218 3.717551
E 3.073421 100.109081 110.794244 0.191633
F 1766.886069 1843.025182 3.717551
E 3.107620 100.672212 186.025870 0.238237
F 1729.210438 1818.699084 -2.567886
E 3.129836 101.786651 190.125251 0.277976
F 1691.397536 1794.263968 -2.567886
E 3.133271 103.223159 247.757850 0.312954
F 1691.397536 1794.263968 -2.567886
E 3.133271 103.223159 247.757850 0.312954
F 1653.877757 1770.018271 -2.567886
E -3.141433 105.192920 295.452212 0.343934
F 1616.275577 1745.578789 -2.565634
E -3.119209 107.585929 303.241159 0.372564
F 1578.599946 1721.252690 -2.567886
E -3.096329 110.252281 311.616861 0.399147
F 1540.997766 1696.813207 -2.565634
E -3.072793 113.172484 320.662074 0.424066
F 1540.997766 1696.813207 -2.565634
E -3.072793 113.172484 320.662074 0.424066
F 1503.322134 1672.487109 -2.567886
E -3.048688 116.308979 330.453173 0.447599
F 1465.719954 1648.047626 -2.565634
E -3.024172 119.612154 341.058329 0.469956
F 1465.719954 1648.047626 -2.565634
E -3.024172 119.612154 341.058329 0.469956
F 1428.044322 1623.721527 -2.567886
E -2.999456 123.026295 352.535873 0.491297
F 1390.442142 1599.282045 -2.565634
E -2.974782 126.494892 364.933027 0.511748
F 1352.766511 1574.955946 -2.567886
E -2.950404 129.964899 378.285175 0.531413
F 1315.164331 1550.516463 -2.565634
E -2.926561 133.389717 392.615765 0.550376
F 1277.488699 1526.190365 -2.567886
E -2.903472 136.730901 407.936843 0.568707
F 1277.488699 1526.190365 -2.567886
E -2.903472 136.730901 407.936843 0.568707
F 1239.886519 1501.750882 -2.565634
E -2.881315 139.958754 424.250121 0.586465
F 1202.210887 1477.424783 -2.567886
E -2.860226 143.052052 441.548427 0.603701
F 1164.397986 1452.989667 -2.567886
E -2.875183 153.538803 482.378069 0.620584
F 1164.397986 1452.989667 -2.567886
E -2.875183 153.538803 482.378069 0.620584
F 1126.878207 1428.743971 -2.567886
E -2.883217 163.087975 521.841681 0.636769
F 1089.276027 1404.304488 -2.565634
E -2.863850 166.442371 542.158583 0.652678
F 1051.600395 1379.978390 -2.567886
E -2.845694 169.611372 563.300135 0.668208
F 1013.787493 1355.543274 -2.567886
E -2.851366 179.738559 602.954179 0.683500
F 1013.787493 1355.543274 -2.567886
E -2.851366 179.738559 602.954179 0.683500
F 976.267715 1331.297577 -2.567886
E -2.853950 189.193858 641.817081 0.698228
F 938.665535 1306.858094 -2.565634
E -2.837826 192.315755 665.608417 0.712766
F 900.989903 1282.531996 -2.567886
E -2.822779 195.258612 690.097061 0.727014
F 900.989903 1282.531996 -2.567886
E -2.822779 195.258612 690.097061 0.727014
F 863.387723 1258.092513 -2.565634
E -2.808743 198.034976 715.267809 0.740988
F 825.712092 1233.766415 -2.567886
E -2.795652 200.656592 741.105522 0.754703
F 787.899190 1209.331299 -2.567886
E -2.798116 211.048528 780.728569 0.768275
F 749.793165 1184.706763 -2.567886
E -2.799688 221.223315 821.171281 0.781817
F 749.793165 1184.706763 -2.567886
E -2.799688 221.223315 821.171281 0.781817
F 712.190984 1160.267280 -2.565634
E -2.788083 223.683986 849.317451 0.794828
F 674.515353 1135.941182 -2.567886
E -2.777245 226.015427 878.035013 0.807629
F 636.913173 1111.501699 -2.565634
E -2.767115 228.227890 907.313600 0.820231
F 636.913173 1111.501699 -2.565634
E -2.767115 228.227890 907.313600 0.820231
F 599.237541 1087.175600 -2.567886
E -2.757638 230.330575 937.143236 0.832642
F 561.635361 1062.736118 -2.565634
E -2.748764 232.331761 967.514320 0.844871
F 523.959730 1038.410019 -2.567886
E -2.740449 234.238927 998.417622 0.856925
F 523.959730 1038.410019 -2.567886
E -2.740449 234.238927 998.417622 0.856925
F 486.357549 1013.970536 -2.565634
E -2.732648 236.058843 1029.844261 0.868812
F 448.681918 989.644438 -2.567886
E -2.725325 237.797658 1061.785696 0.880538
F 411.468703 964.613114 -2.552124
E -2.718235 239.522429 1094.199312 0.892217
F 377.464078 935.793039 -2.455305
E -2.709941 241.728969 1126.515811 0.907506
F 377.464078 935.793039 -2.455305
E -2.709941 241.728969 1126.515811 0.907506
F 345.934246 903.554975 -2.360737
E -2.699189 244.711151 1158.952717 0.922617
F 317.797051 868.535463 -2.263918
E -2.686291 248.457958 1190.772597 0.937580
F 293.185236 831.166998 -2.169350
E -2.671417 253.013253 1221.755745 0.952047
F 272.211979 791.641487 -2.074782
E -2.654696 258.464929 1251.833088 0.966297
F 272.211979 791.641487 -2.074782
E -2.654696 258.464929 1251.833088 0.966297
F 255.248932 750.420542 -1.977963
E -2.636319 264.889175 1280.672814 0.980431
F 242.105103 707.099556 -1.881144
E -2.616027 272.529557 1308.617118 0.994685
F 233.481608 663.721759 -1.784324
E -2.594751 281.166627 1334.416435 1.008265
F 228.743114 619.056427 -1.692008
E -2.571832 291.187079 1358.993851 1.021649
F 228.743114 619.056427 -1.692008
E -2.571832 291.187079 1358.993851 1.021649
F 232.601956 573.423669 -1.514131
E -2.546778 303.090605 1380.941082 1.043858
F 245.011497 530.378809 -1.322744
E -2.520234 316.775188 1397.511909 1.066980
F 264.504218 490.859466 -1.144866
E -2.492662 332.238473 1408.529177 1.087534
F 264.504218 490.859466 -1.144866
E -2.492662 332.238473 1408.529177 1.087534
F 288.159467 457.105933 -0.994008
E -2.466139 348.363239 1414.222120 1.103475
F 317.427953 426.609017 -0.838647
E -2.438719 366.340337 1415.554424 1.120067
F 350.261202 401.142756 -0.692292
E -2.411972 385.189945 1412.446912 1.135221
F 350.261202 401.142756 -0.692292
E -2.411972 385.189945 1412.446912 1.135221
F 386.376212 380.934259 -0.543686
E -2.386003 404.804369 1405.080333 1.150337
F 424.186138 365.991915 -0.408589
E -2.361544 424.586954 1393.894364 1.163721
F 465.627837 356.799706 -0.250976
E -0.766945 1378.149587 445.324240 1.179762
F 507.257582 353.891897 -0.102369
E -0.745977 1358.697528 465.303728 1.194438
F 507.257582 353.891897 -0.102369
E -0.745977 1358.697528 465.303728 1.194438
F 548.510488 357.189625 0.046237
E -0.728252 1335.981399 484.218035 1.208813
F 589.126481 366.825773 0.199347
E -0.714337 1310.055875 501.772122 1.223574
F 627.871662 382.327448 0.347953
E -0.705273 1281.755181 517.152681 1.237730
F 627.871662 382.327448 0.347953
E -0.705273 1281.755181 517.152681 1.237730
F 669.076894 399.149893 0.381727
E -0.699610 1250.701073 532.156292 1.246218
F 710.651381 415.965789 0.383979
E -0.695914 1220.284457 547.611707 1.254421
F 752.276335 432.656368 0.381727
E -0.694007 1191.164804 563.877604 1.262571
F 793.409079 449.167749 0.381727
E -0.706987 1168.059875 594.698538 1.270480
F 793.409079 449.167749 0.381727
E -0.706987 1168.059875 594.698538 1.270480
F 834.983566 465.983644 0.383979
E -0.712183 1142.376217 612.377519 1.278528
F 876.726201 482.849077 0.383979
E -0.737788 1123.454729 643.628298 1.286586
F 918.792423 499.845251 0.383979
E -0.773636 1107.813106 674.047289 1.294718
F 960.417377 516.535830 0.381727
E -2.371141 691.598960 1090.017467 1.302616
F 960.417377 516.535830 0.381727
E -2.371141 691.598960 1090.017467 1.302616
F 1001.991864 533.351725 0.383979
E -2.406354 708.442867 1075.285426 1.310466
F 1043.087327 549.955679 0.383979
E -2.472018 731.615528 1071.291196 1.318088
F 1084.829962 566.821113 0.383979
E -2.551368 750.939933 1074.139009 1.325905
F 1084.829962 566.821113 0.383979
E -2.551368 750.939933 1074.139009 1.325905
F 1126.249011 583.555806 0.383979
E -2.635815 764.571264 1084.150367 1.333557
F 1167.991646 600.421240 0.383979
E -2.719684 772.775866 1102.057906 1.341285
F 1209.410695 617.155933 0.383979
E -2.793816 775.782376 1126.577964 1.348850
F 1251.153330 634.021367 0.383979
E -2.856355 774.793860 1157.500989 1.356490
F 1251.153330 634.021367 0.383979
E -2.856355 774.793860 1157.500989 1.356490
F 1292.005434 651.668885 0.404243
E -2.895971 769.107926 1182.005219 1.364030
F 1331.363589 674.038592 0.501063
E -2.925572 759.598735 1209.936236 1.374311
F 1365.683393 703.006920 0.672185
E -2.941455 744.488758 1238.907481 1.389949
F 1365.683393 703.006920 0.672185
E -2.941455 744.488758 1238.907481 1.389949
F 1393.914001 738.234400 0.863572
E -2.943401 723.295700 1267.187893 1.407510
F 1414.488406 774.776068 1.023437
E -2.934868 699.604320 1291.358222 1.420841
F 1429.636490 813.648084 1.167540
E -2.919290 673.850946 1312.813104 1.432690
F 1429.636490 813.648084 1.167540
E -2.919290 673.850946 1312.813104 1.432690
F 1438.765961 853.829071 1.313895
E -2.898806 647.387499 1330.991049 1.444467
F 1442.323410 894.508457 1.451243
E -2.874791 621.025404 1345.715842 1.455363
F 1439.750772 936.160258 1.599850
E -2.847512 594.857473 1357.076320 1.467284
F 1430.216678 972.241164 1.775476
E -2.821258 572.821746 1363.127927 1.480194
F 1430.216678 972.241164 1.775476
E -2.821258 572.821746 1363.127927 1.480194
F 1414.218845 1005.613429 1.960108
E -2.793979 552.932499 1364.370852 1.493754
F 1392.551787 1035.594933 2.140237
E -2.766415 535.807589 1360.813629 1.506766
F 1365.863908 1061.209559 2.320366
E -2.739542 522.074012 1352.732974 1.519667
F 1365.863908 1061.209559 2.320366
E -2.739542 522.074012 1352.732974 1.519667
F 1333.639834 1081.833017 2.516256
E -2.713518 511.820244 1339.903522 1.534271
F 1298.716430 1095.635447 2.707643
E -2.690753 505.612452 1323.384656 1.548126
F 1262.385145 1102.683600 2.892276
E -2.671911 502.742754 1304.169707 1.561096
F 1222.987572 1106.489106 3.013863
E -2.655709 502.265218 1282.014514 1.569850
F 1222.987572 1106.489106 3.013863
E -2.655709 502.265218 1282.014514 1.569850
F 1178.175451 1112.363688 3.011611
E -2.640324 504.270621 1257.665825 1.576472
F 1134.038183 1118.014601 3.013863
E -2.627435 509.100963 1236.062076 1.582864
F 1089.730098 1123.705047 3.013863
E -2.628294 525.164914 1225.415120 1.589280
F 1089.730098 1123.705047 3.013863
E -2.628294 525.164914 1225.415120 1.589280
F 1044.571870 1129.624475 3.011611
E -2.622423 537.032066 1208.726745 1.595922
F 1000.088496 1135.320234 3.013863
E -2.620538 551.842644 1194.834094 1.602336
F 955.622481 1141.149969 3.011611
E -2.623107 569.585328 1183.551383 1.608724
F 955.622481 1141.149969 3.011611
E -2.623107 569.585328 1183.551383 1.608724
F 911.673377 1146.894930 3.011611
E -2.642986 596.350322 1183.941825 1.614939
F 867.190002 1152.590689 3.013863
E -2.657256 618.689474 1178.946207 1.621278
F 822.723988 1158.420424 3.011611
E -2.677716 642.495863 1177.200854 1.627592
F 778.240613 1164.116183 3.013863
E -2.704751 667.111959 1179.038582 1.633881
F 733.774599 1169.945919 3.011611
E -2.738442 691.809236 1184.852733 1.640147
F 733.774599 1169.945919 3.011611
E -2.738442 691.809236 1184.852733 1.640147
F 689.133383 1175.781351 3.011611
E -2.790513 719.214105 1205.901969 1.646436
F 644.838223 1181.571548 3.011611
E -2.844985 743.482332 1232.366043 1.652605
F 600.197007 1187.406980 3.011611
E -2.900430 764.702959 1265.228536 1.658847
F 600.197007 1187.406980 3.011611
E -2.900430 764.702959 1265.228536 1.658847
F 555.496302 1192.773238 3.020618
E -2.946913 781.277132 1292.756411 1.665084
F 510.725219 1189.228780 -3.091445
E -2.988539 791.278885 1325.659330 1.678015
F 472.395486 1173.136350 -2.807742
E -3.014524 789.397256 1359.970083 1.701651
F 445.677354 1152.411787 -2.573574
E -3.023149 779.060398 1388.498538 1.717459
F 445.677354 1152.411787 -2.573574
E -3.023149 779.060398 1388.498538 1.717459
F 424.105782 1125.462063 -2.334903
E -3.020607 762.058050 1415.793958 1.733740
F 409.807637 1095.426394 -2.107490
E -3.008891 741.267271 1438.489384 1.748462
F 402.731933 1062.361300 -1.873323
E -2.989707 717.490462 1456.438325 1.763850
F 402.731933 1062.361300 -1.873323
E -2.989707 717.490462 1456.438325 1.763850
F 403.813432 1027.833365 -1.630148
E -2.964641 692.204752 1468.274336 1.780183
F 412.492813 995.531002 -1.400484
E -2.937103 668.382780 1472.919301 1.794780
F 428.151944 966.181897 -1.173071
E -2.908379 646.756144 1470.858221 1.809005
F 449.341495 941.494551 -0.954664
E -2.880514 628.597640 1462.711000 1.822132
F 449.341495 941.494551 -0.954664
E -2.880514 628.597640 1462.711000 1.822132
F 475.937988 921.820312 -0.729503
E -2.853838 613.830167 1448.830439 1.835896
F 506.539742 908.379236 -0.504342
E -2.829871 602.886206 1429.989946 1.849621
F 545.925055 889.964688 -0.448052
E -2.802123 592.777272 1402.816843 1.855485
F 545.925055 889.964688 -0.448052
E -2.802123 592.777272 1402.816843 1.855485
F 586.081197 870.793996 -0.445800
E -2.776291 586.412054 1376.823221 1.860919
F 626.387225 851.532332 -0.445800
E -2.758933 588.166063 1360.514159 1.866379
F 667.008144 832.120187 -0.445800
E -2.745732 596.164435 1347.043491 1.871908
F 706.999282 813.009005 -0.445800
E -2.736942 610.163770 1336.073832 1.877252
F 706.999282 813.009005 -0.445800
E -2.736942 610.163770 1336.073832 1.877252
F 747.620201 793.596860 -0.445800
E -2.733351 630.828528 1327.880845 1.882749
F 788.241120 774.184715 -0.445800
E -2.735427 657.393643 1322.323335 1.888230
F 828.547148 754.923051 -0.445800
E -2.743604 688.800000 1319.322306 1.893611
F 869.168067 735.510906 -0.445800
E -2.759178 724.751964 1319.371278 1.899061
F 869.168067 735.510906 -0.445800
E -2.759178 724.751964 1319.371278 1.899061
F 911.982647 720.303900 -0.355735
E -2.776475 759.900590 1314.687213 1.906243
F 955.589538 709.510057 -0.258916
E -2.804629 792.891726 1313.399335 1.913529
F 1000.035624 702.982163 -0.162097
E -2.843833 821.583266 1316.947946 1.920788
F 1000.035624 702.982163 -0.162097
E -2.843833 821.583266 1316.947946 1.920788
F 1044.721871 700.683714 -0.067529
E -2.891443 843.760954 1326.758299 1.927891
F 1089.774285 702.608055 0.027039
E -2.942945 858.167184 1343.976819 1.935051
F 1133.909014 708.856013 0.123858
E -2.990921 863.951493 1368.359762 1.942148
F 1133.909014 708.856013 0.123858
E -2.990921 863.951493 1368.359762 1.942148
F 1177.281125 719.946922 0.231936
E -3.030464 861.399309 1399.398993 1.949721
F 1217.832546 739.784383 0.423323
E -3.056244 849.339658 1435.261622 1.962279
F 1253.567477 766.800515 0.614710
E -3.065414 828.152647 1472.481592 1.974676
F 1282.607976 796.786572 0.767819
E -3.061398 802.991300 1506.489425 1.983747
F 1282.607976 796.786572 0.767819
E -3.061398 802.991300 1506.489425 1.983747
F 1306.979093 829.760034 0.902916
E -3.048707 775.798645 1538.143284 1.991611
F 1326.295332 865.342859 1.040265
E -3.029730 748.177989 1566.823937 1.999455
F 1340.577097 904.554110 1.188871
E -3.004858 720.174273 1592.724722 2.008149
F 1353.753596 945.440104 1.247413
E -2.976018 693.752993 1616.878230 2.013487
F 1353.753596 945.440104 1.247413
E -2.976018 693.752993 1616.878230 2.013487
F 1367.949302 987.796562 1.247413
E -2.945658 671.040747 1643.749686 2.018535
F 1382.145009 1030.153020 1.247413
E -2.915305 653.699068 1672.700024 2.023569
F 1396.229811 1072.178568 1.247413
E -2.885106 641.752947 1703.552923 2.028513
F 1396.229811 1072.178568 1.247413
E -2.885106 641.752947 1703.552923 2.028513
F 1410.479546 1115.068916 1.249665
E -2.853779 634.499335 1736.245570 2.033642
F 1424.469687 1157.126071 1.249665
E -2.823379 632.392891 1771.544913 2.038562
F 1438.680146 1199.845543 1.249665
E -2.792487 634.569447 1809.893715 2.043625
F 1452.890604 1242.565015 1.249665
E -2.761650 640.483729 1850.774327 2.048676
F 1452.890604 1242.565015 1.249665
E -2.761650 640.483729 1850.774327 2.048676
F 1466.990904 1284.953329 1.249665
E -2.731209 649.404249 1893.864167 2.053637
F 1477.282345 1329.012937 1.328471
E -2.699308 660.789097 1937.281946 2.059880
F 1483.154670 1373.371243 1.423039
E -2.666219 675.162989 1978.333419 2.066505
F 1483.154670 1373.371243 1.423039
E -2.666219 675.162989 1978.333419 2.066505
F 1484.677281 1417.920013 1.519858
E -2.631710 692.590726 2016.613778 2.073152
F 1481.888078 1463.105060 1.616677
E -2.595249 713.333911 2052.534697 2.079931
F 1474.942556 1506.955569 1.711245
E -2.558276 736.432584 2084.698447 2.086416
F 1474.942556 1506.955569 1.711245
E -2.558276 736.432584 2084.698447 2.086416
F 1460.095795 1549.695566 1.877865
E -2.519268 762.823338 2111.711190 2.096543
F 1437.443669 1588.536603 2.067000
E -2.479118 792.016747 2129.228440 2.108030
F 1410.164513 1621.310378 2.231368
E -2.440260 822.021972 2136.535408 2.117364
F 1380.118161 1650.647970 2.343948
E -2.401556 853.258825 2136.837124 2.123916
F 1380.118161 1650.647970 2.343948
E -2.401556 853.258825 2136.837124 2.123916
F 1348.675733 1682.870077 2.343948
E -2.360967 892.574782 2137.399970 2.128776
F 1317.720784 1714.592616 2.343948
E -0.748845 2140.817807 932.777402 2.133477
F 1283.859447 1744.057595 2.413748
E -0.704104 2143.613403 970.346819 2.139168
F 1247.574459 1769.935887 2.506065
E -0.658713 2143.663261 1007.977591 2.145434
F 1247.574459 1769.935887 2.506065
E -0.658713 2143.663261 1007.977591 2.145434
F 1208.436946 1792.348262 2.605136
E -0.611853 2139.835709 1046.127175 2.152028
F 1167.172174 1810.967785 2.701955
E -0.563818 2131.956068 1084.220187 2.158560
F 1124.825732 1825.421934 2.796523
E -0.515233 2120.365613 1121.417544 2.164883
F 1124.825732 1825.421934 2.796523
E -0.515233 2120.365613 1121.417544 2.164883
F 1081.106203 1835.750087 2.893342
E -0.465220 2104.949393 1158.058784 2.171302
F 1037.125319 1841.815506 2.987910
E -0.414388 2086.030675 1193.351981 2.177515
F 991.545556 1843.712031 3.084729
E -0.360408 2062.937959 1228.440575 2.184044
F 947.562789 1841.297280 -3.103888
E -0.306260 2037.222381 1260.964993 2.190149
F 947.562789 1841.297280 -3.103888
E -0.306260 2037.222381 1260.964993 2.190149
F 902.961732 1834.651323 -3.009321
E -0.248221 2007.622988 1292.663376 2.196454
F 858.894907 1823.529494 -2.910250
E -0.186360 1974.601537 1322.708382 2.202968
F 816.406307 1808.425126 -2.815682
E -0.120570 1938.940621 1350.356280 2.209236
F 816.406307 1808.425126 -2.815682
E -0.120570 1938.940621 1350.356280 2.209236
F 776.067766 1789.459014 -2.718863
E -0.049721 1901.242090 1375.227790 2.215455
F 737.440708 1766.523924 -2.622043
E 0.029695 1861.176842 1397.370714 2.221728
F 700.997703 1739.965865 -2.527476
E 0.120966 1819.715943 1416.037830 2.227943
F 667.775935 1710.513843 -2.432908
E 0.226893 1778.786684 1429.999142 2.233999
F 667.775935 1710.513843 -2.432908
E 0.226893 1778.786684 1429.999142 2.233999
F 636.074174 1678.993992 -2.369863
E 0.356966 1740.282233 1438.212362 2.239242
F 603.850215 1647.803789 -2.372114
E 0.517140 1711.030396 1438.148671 2.243818
F 571.512815 1616.479948 -2.372114
E 0.705582 1699.011982 1430.392399 2.248419
F 571.512815 1616.479948 -2.372114
E 0.705582 1699.011982 1430.392399 2.248419
F 539.426092 1585.398928 -2.372114
E 2.449974 1409.797023 1703.841676 2.252940
F 507.296237 1554.111795 -2.369863
E 2.582570 1378.252746 1718.287624 2.257488
F 475.072279 1522.921592 -2.372114
E 2.684711 1342.451470 1741.236681 2.262027
F 442.484201 1491.354931 -2.372114
E 2.769028 1305.380089 1775.179892 2.266663
F 442.484201 1491.354931 -2.372114
E 2.769028 1305.380089 1775.179892 2.266663
F 413.596205 1456.969822 -2.284301
E 2.834980 1266.963903 1806.082277 2.272508
F 388.659072 1420.659297 -2.189734
E 2.894324 1228.329569 1834.102012 2.278376
F 366.703178 1381.068809 -2.092914
E 2.951748 1188.030749 1860.018759 2.284547
F 366.703178 1381.068809 -2.092914
E 2.951748 1188.030749 1860.018759 2.284547
F 348.649883 1339.746882 -1.998347
E 3.006321 1147.777808 1882.835173 2.290591
F 332.945651 1297.896214 -1.939805
E 3.057890 1108.427924 1903.668954 2.295613
F 316.659888 1256.111215 -1.942056
E 3.106144 1070.562740 1925.991223 2.300076
F 300.626320 1214.602710 -1.939805
E -3.132735 1035.425369 1951.263118 2.304462
F 300.626320 1214.602710 -1.939805
E -3.132735 1035.425369 1951.263118 2.304462
F 284.513547 1172.937784 -1.939805
E -3.091163 1002.978222 1980.744389 2.308874
F 268.227783 1131.152784 -1.942056
E -3.051637 973.557234 2012.092776 2.313312
F 252.067968 1089.318915 -1.939805
E -3.013978 947.483644 2046.252367 2.317741
F 252.067968 1089.318915 -1.939805
E -3.013978 947.483644 2046.252367 2.317741
F 235.529709 1046.883185 -1.942056
E -2.977313 924.544283 2083.777961 2.322301
F 219.449778 1005.579866 -1.942056
E -2.943218 905.795093 2124.161766 2.326610
F 203.289962 963.745997 -1.939805
E -2.909535 890.088932 2166.603543 2.331015
F 203.289962 963.745997 -1.939805
E -2.909535 890.088932 2166.603543 2.331015
F 187.051308 921.755562 -1.939805
E -2.877051 877.834827 2212.918423 2.335444
F 170.765544 879.970563 -1.942056
E -2.845352 868.523904 2260.809293 2.339832
F 154.605729 838.136694 -1.939805
E -2.814586 862.081196 2311.367757 2.344211
F 138.951202 797.978520 -1.942056
E -2.785876 858.344633 2362.440775 2.348249
F 136.678599 791.934828 -1.939805
E -2.781645 857.972838 2370.296962 2.348341
F 136.678599 791.934828 -1.939805
E -2.781645 857.972838 2370.296962 2.348341
F 136.678599 791.934828 -1.939805
E -2.781645 857.972838 2370.296962 2.348341
F 136.678599 791.934828 -1.939805
E -2.781645 857.972838 2370.296962 2.348341
F 136.678599 791.934828 -1.939805
E -2.781645 857.972838 2370.296962 2.348341
F 136.678599 791.934828 -1.939805
E -2.781645 857.972838 2370.296962 2.348341
F 136.678599 791.934828 -1.939805
E -2.781645 857.972838 2370.296962 2.348341
F 136.678599 791.934828 -1.939805
E -2.781645 857.972838 2370.296962 2.348341
