F 521.213203 21.213203 0.785398
E 0.000000 0.000000 0.000000 0.000000
W C  982.8 75.6  1848.5 695.7  1577.5 1429.6  920.3 1219.8  483.8 820.0  223.5 1586.7 
W E  0.117 384.1 294.8  -2.671 384.1 459.7  -0.644 470.2 384.1  -0.321 446.5 384.1  0.047 391.2 384.1  0.188 464.3 384.1 
D C  364.9 -287.9  1415.4 -461.6  1742.8 248.9  1129.7 565.4  538.4 591.2  896.5 1317.5 
F 521.213203 21.213203 0.785398
E 0.000000 0.000000 0.000000 0.000000
W C  983.2 75.7  1848.8 695.8  1577.4 1429.4  920.3 1219.9  483.8 820.9  223.4 1587.3 
W E  0.117 323.5 229.4  -2.671 323.5 427.9  -0.644 445.2 323.5  -0.321 407.2 323.5  0.047 332.0 323.5  0.188 435.3 323.5 
D C  366.0 -288.8  1416.7 -462.0  1741.8 248.8  1129.9 565.4  540.6 593.7  897.6 1319.0 
F 521.213203 21.213203 0.785398
E 0.000000 0.000000 0.000000 0.000000
W C  983.5 75.7  1849.3 696.1  1577.3 1429.2  920.4 1220.2  483.7 821.7  223.2 1588.5 
W E  0.117 284.7 194.3  -2.671 284.7 401.8  -0.644 423.7 284.7  -0.321 376.7 284.7  0.047 293.6 284.7  0.188 411.2 284.7 
D C  366.2 -289.0  1418.2 -462.5  1741.8 248.8  1131.1 566.1  541.5 594.6  900.0 1322.6 
F 521.213203 21.213203 0.785398
E 0.000000 0.000000 0.000000 0.000000
W C  983.7 75.7  1849.5 696.2  1576.7 1428.4  920.3 1220.1  483.7 822.0  223.3 1588.3 
W E  0.117 257.2 171.5  -2.671 257.2 380.0  -0.644 405.1 257.2  -0.321 352.2 257.2  0.047 266.1 257.2  0.188 390.7 257.2 
D C  366.2 -288.9  1417.4 -462.3  1737.0 248.1  1129.5 565.3  540.5 593.6  896.8 1317.9 
F 521.213203 21.213203 0.785398
E 0.000000 0.000000 0.000000 0.000000
W C  983.6 75.7  1849.9 696.4  1576.5 1428.2  920.3 1219.8  483.8 821.4  223.2 1588.4 
W E  0.117 236.4 155.3  -2.671 236.4 361.4  -0.644 388.8 236.4  -0.321 331.9 236.4  0.047 245.1 236.4  0.188 373.0 236.4 
D C  365.1 -288.1  1419.4 -462.9  1739.8 248.5  1128.6 564.8  537.0 589.7  898.0 1319.6 
F 521.213203 21.213203 0.785398
E 0.000000 0.000000 0.000000 0.000000
W C  983.5 75.7  1849.5 696.2  1576.5 1428.1  920.3 1219.9  483.8 821.1  223.3 1588.2 
W E  0.117 220.0 142.9  -2.671 220.0 345.4  -0.644 374.2 220.0  -0.321 314.8 220.0  0.047 228.4 220.0  0.188 357.5 220.0 
D C  365.1 -288.1  1413.4 -460.9  1740.2 248.6  1129.9 565.5  538.2 591.0  896.5 1317.5 
F 521.213203 21.213203 0.785398
E 0.000000 0.000000 0.000000 0.000000
W C  983.4 75.7  1849.7 696.3  1576.0 1427.6  920.4 1220.2  483.8 821.2  223.3 1588.2 
W E  0.117 206.5 133.1  -2.671 206.5 331.2  -0.644 361.2 206.5  -0.321 300.0 206.5  0.047 214.7 206.5  0.188 343.7 206.5 
D C  364.7 -287.8  1418.5 -462.6  1734.9 247.8  1132.6 566.8  539.8 592.8  897.2 1318.4 
F 521.213203 21.213203 0.785398
E 0.000000 0.000000 0.000000 0.000000
W C  983.4 75.7  1849.8 696.3  1575.9 1427.4  920.5 1220.4  483.8 821.5  223.3 1588.2 
W E  0.117 195.3 125.1  -2.671 195.3 318.7  -0.644 349.4 195.3  -0.321 287.2 195.3  0.047 203.2 195.3  0.188 331.5 195.3 
D C  364.9 -287.9  1417.5 -462.3  1738.0 248.2  1131.9 566.5  540.7 593.8  897.5 1318.9 
F 521.213203 21.213203 0.785398
E 0.000000 0.000000 0.000000 0.000000
W C  983.4 75.7  1849.8 696.3  1575.9 1427.3  920.5 1220.7  483.8 821.5  223.2 1588.3 
W E  0.117 185.7 118.4  -2.671 185.7 307.5  -0.644 338.8 185.7  -0.321 275.9 185.7  0.047 193.3 185.7  0.188 320.5 185.7 
D C  365.2 -288.2  1416.6 -462.0  1739.8 248.5  1132.5 566.8  539.6 592.6  898.1 1319.8 
F 521.213203 21.213203 0.785398
E 0.000000 0.000000 0.000000 0.000000
W C  983.4 75.7  1849.6 696.6  1575.8 1427.3  920.5 1220.6  483.8 821.5  223.3 1588.3 
W E  0.117 177.4 112.6  -2.671 177.4 297.4  -0.644 329.0 177.4  -0.321 265.8 177.4  0.047 184.8 177.4  0.188 310.5 177.4 
D C  365.8 -288.6  1417.7 -457.6  1739.7 248.5  1129.9 565.5  539.5 592.4  897.2 1318.4 
F 521.213203 21.213203 0.785398
E 0.000000 0.000000 0.000000 0.000000
W C  983.3 75.7  1849.8 696.6  1575.8 1427.3  920.6 1220.8  483.8 821.5  223.2 1588.5 
W E  0.117 170.1 107.6  -2.671 170.1 288.3  -0.644 320.0 170.1  -0.321 256.8 170.1  0.047 177.3 170.1  0.188 301.4 170.1 
D C  364.1 -287.3  1419.0 -462.8  1739.0 248.4  1133.0 567.0  539.7 592.7  898.8 1320.8 
F 521.213203 21.213203 0.785398
E 0.000000 0.000000 0.000000 0.000000
W C  983.2 75.7  1849.8 696.6  1575.9 1427.5  920.6 1221.0  483.8 821.5  223.2 1588.4 
W E  0.117 163.7 103.2  -2.671 163.7 279.9  -0.644 311.8 163.7  -0.321 248.6 163.7  0.047 170.7 163.7  0.188 293.0 163.7 
D C  364.5 -287.7  1416.9 -462.1  1743.3 249.0  1132.5 566.8  539.1 592.1  896.9 1318.1 
F 521.213203 21.213203 0.785398
E 0.000000 0.000000 0.000000 0.000000
W C  983.2 75.7  1850.2 696.8  1576.0 1427.5  920.6 1220.9  483.7 821.7  223.2 1588.4 
W E  0.117 157.9 99.3  -2.671 157.9 272.2  -0.644 304.1 157.9  -0.321 241.1 157.9  0.047 164.7 157.9  0.188 285.3 157.9 
D C  365.0 -288.0  1423.0 -464.1  1741.8 248.8  1130.1 565.6  541.0 594.1  897.9 1319.5 
F 538.722934 38.726082 0.785451
E 2.356217 0.951590 6.130689 0.076806
W C  984.4 76.9  1851.3 697.8  1577.1 1428.7  921.7 1222.1  484.9 822.8  224.0 1589.4 
W E  0.115 152.7 95.6  -2.672 152.7 265.0  -0.643 296.9 152.7  -0.321 234.2 152.7  0.048 159.2 152.7  0.189 278.1 152.7 
D C  365.2 -288.2  1416.0 -461.8  1740.2 248.6  1131.2 566.1  539.4 592.4  896.8 1317.9 
F 570.007765 69.965255 0.784881
E 2.356281 4.912441 12.550431 0.143775
W C  987.1 79.9  1853.5 700.0  1578.8 1430.7  922.8 1221.9  486.9 824.9  225.3 1591.6 
W E  0.106 147.9 92.0  -2.673 148.0 258.2  -0.643 290.1 148.0  -0.319 227.7 148.0  0.047 154.1 148.0  0.191 271.5 148.0 
D C  352.2 -286.8  1402.9 -457.5  1715.5 250.4  1074.3 550.0  518.5 594.6  878.1 1325.0 
F 601.583503 101.469252 0.783838
E 0.783836 16.716826 10.225472 0.171710
W C  990.3 83.3  1856.0 701.9  1581.1 1432.5  924.6 1222.4  489.6 827.4  227.0 1593.9 
W E  0.092 143.3 88.6  -2.674 143.7 252.0  -0.643 283.8 143.7  -0.317 221.6 143.7  0.042 149.4 143.7  0.194 265.5 143.7 
D C  313.8 -287.5  1365.2 -463.9  1681.8 240.2  1048.8 549.2  488.9 592.9  846.9 1321.6 
F 633.386594 132.836236 0.781291
E 0.775425 20.028133 15.729370 0.189396
W C  994.2 87.3  1858.2 703.7  1583.4 1434.1  926.6 1222.5  492.7 829.5  227.1 1593.9 
W E  0.071 138.9 85.4  -2.675 139.8 246.3  -0.642 278.0 139.7  -0.315 216.1 139.8  0.031 145.2 139.7  0.194 265.4 143.7 
D C  279.2 -282.2  1324.1 -454.4  1640.5 244.6  1000.7 547.8  445.3 586.2 
F 633.274606 132.701114 0.781143
E 0.775181 19.975873 14.778257 0.169314
W C  996.2 89.7  1858.0 704.2  1584.9 1434.8  928.0 1221.9  494.9 830.8  227.1 1593.9 
W E  0.056 135.0 82.8  -2.677 136.1 241.1  -0.641 272.8 136.1  -0.313 211.1 136.1  0.025 141.5 136.1  0.194 265.3 143.7 
D C  260.9 -280.4  1277.2 -447.1  1622.9 242.0  985.4 543.3  432.6 584.3 
F 664.991505 163.870882 0.779114
E 0.756248 22.749445 19.738730 0.189964
W C  998.5 92.2  1857.7 704.4  1586.0 1434.9  929.2 1221.0  496.7 831.8  227.2 1593.9 
W E  0.034 131.0 80.2  -2.678 132.8 236.2  -0.641 267.8 132.8  -0.310 206.4 132.8  0.010 138.0 132.7  0.194 265.3 143.7 
D C  216.5 -277.0  1229.1 -443.0  1564.3 248.0  933.0 544.7  379.5 588.2 
F 696.738878 194.958012 0.778341
E 0.545085 25.220303 24.680622 0.199971
W C  1002.4 95.3  1857.8 705.0  1587.6 1435.2  931.0 1220.5  498.9 833.3  227.3 1593.9 
W E  0.004 126.7 77.8  -2.680 129.7 231.5  -0.640 263.0 129.7  -0.307 201.8 129.7  -0.014 134.7 129.5  0.194 265.3 143.7 
D C  187.9 -278.9  1197.8 -440.1  1532.9 243.0  902.1 541.6  348.6 590.7 
F 728.409257 225.745343 0.773916
E -0.716395 29.527892 27.356927 0.205121
W C  1007.8 98.8  1858.5 705.8  1589.5 1435.7  933.2 1220.5  501.5 835.3  227.2 1593.9 
W E  -0.033 122.1 75.7  -2.682 126.8 226.9  -0.639 258.3 126.8  -0.305 197.4 126.8  -0.047 131.6 126.5  0.194 265.3 143.7 
D C  155.6 -276.2  1169.5 -441.9  1500.5 242.6  873.3 546.4  318.8 593.1 
F 759.951458 256.321453 0.772588
E -0.752711 34.142843 29.331256 0.208262
W C  1014.8 102.3  1859.3 706.7  1591.6 1436.4  935.4 1220.6  504.1 837.5  227.2 1593.9 
W E  -0.075 117.2 73.8  -2.684 124.1 222.4  -0.639 253.9 124.1  -0.302 193.2 124.1  -0.087 128.8 123.7  0.194 265.3 143.7 
D C  124.8 -274.1  1131.1 -439.3  1466.0 246.2  832.9 546.4  280.4 594.1 
F 759.652087 255.892588 0.771281
E -0.743720 32.889446 29.170257 0.184720
W C  1018.4 104.5  1859.5 707.1  1592.7 1436.5  936.8 1220.4  505.8 839.0  227.2 1593.9 
W E  -0.109 113.5 72.1  -2.685 121.6 218.4  -0.638 249.7 121.6  -0.299 189.3 121.6  -0.114 126.3 121.0  0.194 265.3 143.7 
D C  113.1 -277.2  1117.5 -438.0  1443.4 251.6  818.1 551.1  264.3 597.6 
F 791.461409 286.786565 0.768854
E -0.764928 37.156758 31.017364 0.200695
W C  1021.9 106.2  1859.4 707.6  1593.8 1436.5  938.1 1220.1  506.9 840.3  227.1 1593.9 
W E  -0.149 109.3 70.5  -2.687 119.3 214.4  -0.637 245.7 119.2  -0.297 185.6 119.3  -0.145 123.9 118.5  0.194 265.3 143.7 
D C  67.3 -274.8  1066.3 -436.9  1395.6 247.7  770.4 547.0  214.8 601.8 
F 822.795077 318.497407 0.778750
E -2.356852 32.826088 41.566736 0.212489
W C  1022.2 106.4  1858.9 709.3  1594.1 1437.5  939.0 1220.0  508.0 841.7  227.1 1593.9 
W E  -0.153 109.2 70.3  -2.689 117.1 210.7  -0.637 241.9 117.0  -0.295 182.0 117.1  -0.173 121.8 116.0  0.194 265.3 143.7 
D C  1026.6 -435.5  1364.7 246.5  735.6 539.4  184.2 595.6 
F 822.885326 318.534925 0.778481
E -2.362771 32.720451 40.588760 0.191615
W C  1022.2 106.4  1858.1 709.5  1594.0 1437.2  939.1 1219.2  507.9 842.0  227.1 1593.9 
W E  -0.155 109.2 70.2  -2.691 115.0 207.3  -0.636 238.4 114.9  -0.293 178.8 115.0  -0.190 119.9 113.7  0.194 265.3 143.7 
D C  997.1 -433.8  1324.9 251.9  698.2 545.7  146.0 600.5 
F 854.510902 350.267089 0.780324
E -2.379959 34.412499 44.243514 0.201875
W C  1022.3 106.5  1857.1 710.4  1593.6 1437.5  939.1 1218.7  507.8 842.5  229.1 1594.9 
W E  -0.157 109.1 70.0  -2.693 113.0 203.4  -0.635 234.5 113.0  -0.292 175.2 113.1  -0.224 117.9 111.4  0.208 257.4 139.9 
D C  958.2 -434.5  1292.7 249.9  666.4 544.3  474.7 1317.1  112.0 603.8 
F 885.684776 381.399813 0.778724
E -2.390295 35.846550 47.807424 0.203176
W C  1028.6 107.4  1856.0 711.8  1593.5 1437.9  939.4 1218.5  508.0 843.6  231.2 1596.0 
W E  -0.203 102.9 69.1  -2.694 111.2 199.6  -0.635 230.6 111.1  -0.290 171.6 111.2  -0.251 116.1 109.2  0.220 250.7 136.5 
D C  -47.4 -285.1  925.1 -422.9  1257.2 251.0  631.5 545.5  438.5 1317.1  81.6 604.0 
F 916.615003 412.568008 0.776659
E -2.397762 37.222856 51.327963 0.204394
W C  1034.3 108.0  1855.2 713.6  1593.3 1438.6  939.7 1218.7  508.2 845.0  233.3 1597.3 
W E  -0.244 97.9 68.4  -2.696 109.4 195.9  -0.634 226.8 109.4  -0.290 168.2 109.5  -0.270 114.4 107.0  0.233 244.6 133.4 
D C  -78.6 -288.4  896.0 -426.3  1220.4 251.5  601.9 546.3  407.1 1316.5  48.0 606.7 
F 947.898115 444.346509 0.784458
E -2.403476 38.643622 54.885483 0.208076
W C  1034.4 107.9  1854.6 715.2  1593.0 1439.3  940.2 1218.5  508.4 846.0  234.6 1598.3 
W E  -0.246 97.8 68.3  -2.698 107.8 192.4  -0.634 223.2 107.7  -0.290 164.8 107.8  -0.279 112.9 104.9  0.244 239.1 130.5 
D C  848.2 -429.4  1172.2 252.8  550.1 540.9  358.9 1316.4  -4.2 609.6 
F 978.673631 476.094192 0.790815
E -2.408046 39.989683 58.401098 0.209984
W C  1034.4 107.8  1854.5 717.9  1592.6 1440.7  941.1 1219.0  509.0 847.6  235.6 1599.6 
W E  -0.248 97.8 68.2  -2.699 106.2 188.8  -0.633 219.5 106.1  -0.291 161.6 106.2  -0.282 111.5 103.0  0.256 233.9 127.9 
D C  833.9 -428.6  1149.7 255.4  535.0 545.7  342.8 1320.9  -21.1 610.9 
F 978.577411 475.959839 0.791683
E -2.410926 39.807624 57.335230 0.186029
W C  1034.4 107.7  1854.1 719.1  1592.3 1441.0  941.5 1218.9  509.0 848.4  236.5 1600.5 
W E  -0.249 97.7 68.2  -2.701 104.7 185.7  -0.633 216.2 104.6  -0.292 158.7 104.7  -0.282 110.3 101.2  0.265 229.3 125.4 
D C  801.3 -430.7  1119.8 252.3  506.2 542.3  317.0 1321.4  -51.5 614.4 
F 1010.256370 507.639497 0.791875
E -2.413862 41.106399 60.718860 0.201105
W C  1034.3 107.7  1853.2 720.1  1592.1 1441.1  941.8 1218.5  509.0 849.0  237.1 1601.3 
W E  -0.249 97.7 68.1  -2.702 103.3 182.6  -0.632 213.0 103.2  -0.293 155.9 103.2  -0.279 109.1 99.4  0.275 225.0 123.1 
D C  743.2 -420.3  1069.2 254.8  450.7 543.2  262.7 1326.0  -104.8 612.2 
F 1041.272979 539.402040 0.794505
E -2.416200 42.339986 64.168155 0.207950
W C  1034.2 107.6  1852.6 722.2  1592.0 1442.0  942.7 1218.7  509.2 850.0  238.3 1602.1 
W E  -0.250 97.7 68.1  -2.703 102.0 179.5  -0.632 209.8 101.9  -0.296 153.1 101.8  -0.271 108.0 97.8  0.284 220.9 121.0 
D C  724.6 -421.6  1054.6 251.3  437.8 541.0  248.2 1316.0  -122.5 613.4 
F 1072.482764 571.230588 0.797207
E -2.417538 43.522312 67.660868 0.211242
W C  1034.1 107.5  1852.1 724.2  1591.8 1442.7  943.6 1218.8  509.4 851.0  239.2 1603.0 
W E  -0.250 97.7 68.1  -2.704 100.7 176.5  -0.632 206.6 100.6  -0.300 150.5 100.5  -0.262 106.9 96.3  0.293 217.0 119.1 
D C  681.4 -422.0  1006.0 252.8  390.4 541.0  199.3 1322.5  -167.7 618.9 
F 1072.626160 570.845486 0.795925
E -2.418372 43.310836 66.773560 0.187684
W C  1034.0 107.4  1851.4 725.4  1591.7 1443.0  944.1 1218.7  509.3 851.8  240.2 1603.6 
W E  -0.251 97.7 68.0  -2.705 99.5 173.8  -0.632 203.7 99.4  -0.303 148.1 99.2  -0.254 106.0 94.9  0.300 213.5 117.3 
D C  664.2 -417.0  990.9 255.5  375.1 544.0  182.3 1319.4  -184.1 619.0 
F 1103.971046 602.280508 0.793698
E -2.418279 44.480289 70.212320 0.206701
W C  1033.9 107.4  1850.9 726.9  1591.5 1443.6  944.8 1218.8  509.4 851.8  241.1 1604.4 
W E  -0.251 97.7 68.0  -2.705 98.3 171.2  -0.631 200.9 98.2  -0.307 145.9 97.9  -0.260 105.9 94.8  0.308 210.3 115.6 
D C  632.6 -416.4  954.7 261.8  340.5 546.0  145.9 1324.3 
F 1135.165810 633.826148 0.795506
E -2.417197 45.608955 73.773662 0.216228
W C  1033.8 107.3  1850.5 728.9  1591.5 1444.4  946.0 1219.2  509.4 851.7  242.2 1605.3 
W E  -0.251 97.7 68.0  -2.705 97.2 168.7  -0.631 198.2 97.1  -0.312 143.8 96.7  -0.264 105.9 94.7  0.315 207.2 114.0 
D C  600.0 -416.4  924.3 259.6  313.0 545.7  117.1 1324.1 
F 1166.233855 665.217430 0.794778
E -2.415784 46.684488 77.392955 0.220826
W C  1033.6 107.2  1850.3 731.1  1591.6 1445.4  947.5 1219.8  509.4 851.7  243.0 1606.4 
W E  -0.251 97.7 68.0  -2.705 96.1 166.2  -0.631 195.5 96.0  -0.317 141.9 95.4  -0.267 105.8 94.7  0.322 204.2 112.6 
D C  565.1 -415.8  892.5 259.6  281.0 546.6  85.1 1335.0 
F 1197.680156 696.479134 0.793198
E -2.414127 47.717390 81.051931 0.223279
W C  1033.5 107.1  1849.9 733.2  1591.7 1446.3  948.8 1220.5  509.5 851.6  243.9 1607.3 
W E  -0.251 97.7 68.0  -2.704 95.1 163.8  -0.632 192.8 95.0  -0.323 140.1 94.2  -0.268 105.8 94.7  0.329 201.4 111.2 
D C  518.1 -408.9  845.8 268.6  232.5 552.9  27.6 1332.7 
F 1197.618403 695.963653 0.792503
E -2.414528 47.478493 80.192790 0.199766
W C  1033.4 107.1  1849.6 734.5  1591.6 1446.9  949.6 1220.9  509.5 851.6  244.6 1608.2 
W E  -0.252 97.7 68.0  -2.703 94.1 161.7  -0.632 190.4 94.0  -0.328 138.4 93.1  -0.270 105.8 94.7  0.335 198.9 109.9 
D C  506.2 -414.8  830.8 263.9  219.6 550.2  23.5 1330.5 
F 1228.786952 727.065297 0.792065
E -2.413338 48.467276 83.732854 0.213759
W C  1033.3 107.0  1849.4 736.4  1591.7 1447.5  950.8 1221.4  509.6 851.5  245.2 1609.0 
W E  -0.252 97.7 68.0  -2.702 93.1 159.6  -0.632 188.0 93.0  -0.334 136.9 91.9  -0.271 105.8 94.6  0.341 196.4 108.8 
D C  477.6 -411.3  797.6 264.2  186.2 548.0  -17.4 1336.7 
F 1259.734411 758.252312 0.795551
E -2.411878 49.414557 87.368125 0.220786
W C  1033.1 106.9  1849.4 738.6  1591.9 1448.4  952.1 1222.2  509.6 851.5  246.0 1609.9 
W E  -0.252 97.7 68.0  -2.700 92.2 157.6  -0.632 185.7 92.1  -0.339 135.5 90.7  -0.272 105.7 94.6  0.346 194.1 107.7 
D C  442.9 -413.4  768.5 265.0  157.6 551.3  -42.1 1337.7 
F 1290.581393 789.190105 0.794929
E -2.410291 50.310192 91.047935 0.224263
W C  1032.9 106.8  1849.6 741.2  1592.3 1449.2  953.6 1223.2  509.6 851.4  246.7 1610.8 
W E  -0.252 97.7 67.9  -2.697 91.2 155.7  -0.633 183.4 91.2  -0.344 134.2 89.6  -0.273 105.7 94.6  0.351 191.8 106.6 
D C  412.3 -411.7  732.1 265.1  123.6 552.2  -83.4 1341.0 
F 1290.346305 788.337948 0.794638
E -2.410287 50.021080 90.252088 0.201270
W C  1032.8 106.7  1849.6 742.8  1592.4 1449.8  954.7 1223.9  509.6 851.3  247.2 1611.6 
W E  -0.252 97.7 67.9  -2.695 90.3 154.1  -0.634 181.4 90.4  -0.348 133.1 88.5  -0.274 105.7 94.6  0.356 189.8 105.7 
D C  396.0 -412.7  718.6 267.7  109.5 552.9  -99.9 1340.5 
F 1321.608501 819.419278 0.795125
E -2.408928 50.900423 93.868079 0.215719
W C  1032.7 106.6  1849.8 744.2  1592.5 1450.4  955.6 1224.6  509.7 851.3  247.5 1612.3 
W E  -0.252 97.7 67.9  -2.692 89.4 152.5  -0.635 179.4 89.6  -0.352 132.0 87.4  -0.275 105.7 94.6  0.360 187.8 104.8 
D C  351.1 -414.0  669.9 270.9  62.8 555.0  -150.2 1344.9 
F 1352.642598 850.269640 0.793535
E -2.407529 51.729282 97.574098 0.222892
W C  1032.5 106.5  1850.3 746.0  1592.8 1451.0  956.7 1225.5  509.7 851.2  247.7 1613.1 
W E  -0.252 97.7 67.9  -2.689 88.5 151.0  -0.636 177.4 88.8  -0.355 131.0 86.4  -0.276 105.7 94.6  0.365 186.0 103.9 
D C  320.9 -415.8  639.9 270.2  31.9 553.6  -180.6 1353.2 
F 1383.454263 881.043607 0.794864
E -2.406079 52.517593 101.356046 0.226748
W C  1032.3 106.4  1851.0 748.2  1593.2 1451.8  957.8 1226.7  509.7 851.1  248.4 1613.9 
W E  -0.252 97.7 67.9  -2.685 87.6 149.6  -0.637 175.5 88.0  -0.357 130.2 85.4  -0.277 105.6 94.6  0.369 184.2 103.2 
D C  291.5 -415.9  612.0 274.1  1.3 557.3  -209.2 1346.5 
F 1414.542002 911.677410 0.793158
E -2.403277 53.298026 105.504447 0.237000
W C  1032.2 106.4  1852.1 750.4  1594.1 1452.5  958.9 1228.2  509.6 851.0  248.7 1613.8 
W E  -0.253 97.7 67.9  -2.682 86.6 148.5  -0.639 173.9 87.2  -0.357 129.4 84.4  -0.277 105.6 94.6  0.368 183.9 103.1 
D C  259.1 -419.8  579.9 274.8  -29.7 560.6 
F 1414.643418 910.833220 0.790408
E -2.402585 52.942583 104.814684 0.216729
W C  1032.1 106.3  1852.4 750.8  1594.0 1453.0  959.2 1228.8  509.6 851.0  249.0 1613.9 
W E  -0.253 97.7 67.9  -2.680 85.8 147.5  -0.640 172.5 86.5  -0.358 128.7 83.6  -0.278 105.6 94.6  0.368 183.7 103.1 
D C  214.4 -418.7  534.3 275.6  -76.7 561.9 
F 1445.794248 941.313822 0.789600
E -2.400428 53.695885 108.918960 0.232636
W C  1032.0 106.3  1853.3 752.1  1594.7 1453.5  959.7 1229.9  509.6 850.9  249.2 1613.9 
W E  -0.253 97.7 67.9  -2.677 84.9 146.6  -0.641 171.2 85.8  -0.357 128.1 82.8  -0.278 105.6 94.6  0.368 183.6 103.1 
D C  201.0 -417.5  520.5 278.7  -95.3 567.1 
F 1477.093920 971.666935 0.784814
E -2.398609 54.402990 113.181088 0.241814
W C  1031.9 106.2  1854.3 753.2  1595.1 1454.1  960.1 1231.0  509.5 850.8  249.3 1613.9 
W E  -0.253 97.7 67.9  -2.676 84.0 145.9  -0.642 170.0 85.1  -0.356 127.5 82.1  -0.279 105.6 94.6  0.368 183.4 103.1 
D C  156.5 -420.1  471.2 282.9  -139.0 568.0 
F 1507.777144 1001.493994 0.784829
E -2.397290 55.065653 117.568751 0.247452
W C  1031.7 106.1  1856.1 754.9  1596.2 1454.6  960.5 1232.4  509.4 850.7  249.3 1613.8 
W E  -0.253 97.7 67.9  -2.674 83.0 145.2  -0.644 169.0 84.4  -0.355 126.9 81.4  -0.279 105.6 94.6  0.368 183.3 103.1 
D C  142.9 -418.5  452.7 285.2  -155.2 572.6 
F 1507.868864 1000.355694 0.778700
E -2.396805 54.760233 116.915477 0.231395
W C  1031.7 106.1  1856.8 755.6  1596.8 1455.1  960.4 1232.5  509.3 850.6  249.3 1613.8 
W E  -0.253 97.7 67.9  -2.674 82.2 144.6  -0.645 168.2 83.7  -0.357 126.8 81.3  -0.280 105.6 94.6  0.368 183.3 103.1 
D C  110.2 -416.7  423.6 285.4 
F 1539.920065 1030.724756 0.770486
E -2.395144 55.536007 121.489373 0.250230
W C  1031.6 106.1  1857.5 756.1  1597.4 1455.6  960.3 1232.5  509.2 850.6  249.1 1613.7 
W E  -0.253 97.7 67.9  -2.674 81.3 144.1  -0.645 167.5 83.1  -0.358 126.8 81.2  -0.280 105.6 94.6  0.368 183.2 103.1 
D C  66.5 -419.3  375.4 287.9 
F 1571.548808 1060.621937 0.765428
E -2.394086 56.258026 126.282371 0.262447
W C  1031.5 106.1  1858.9 757.0  1598.8 1456.3  959.9 1232.4  509.0 850.5  248.7 1613.6 
W E  -0.253 97.7 67.9  -2.674 80.5 143.6  -0.646 166.9 82.4  -0.359 126.7 81.1  -0.280 105.6 94.6  0.368 183.1 103.1 
D C  49.9 -423.1  356.3 291.0 
F 1603.216919 1090.487655 0.758629
E -2.394003 56.919713 131.275475 0.270802
W C  1031.5 106.1  1860.3 757.7  1600.2 1457.1  959.4 1232.2  508.9 850.4  248.3 1613.4 
W E  -0.253 97.6 67.9  -2.676 79.7 143.2  -0.647 166.4 81.8  -0.360 126.6 81.0  -0.281 105.6 94.5  0.368 183.1 103.1 
D C  4.2 -422.5  309.2 293.0 
F 1602.846612 1089.775119 0.755672
E -2.395202 56.546700 130.511560 0.251997
W C  1031.5 106.1  1861.0 758.0  1600.8 1457.7  959.1 1232.1  508.8 850.3  248.1 1613.3 
W E  -0.253 97.6 67.9  -2.677 79.0 142.8  -0.647 166.0 81.2  -0.361 126.6 81.0  -0.281 105.6 94.5  0.369 183.0 103.1 
D C  -11.4 -425.9  290.8 293.1 
F 1634.631244 1119.708088 0.754544
E -2.395583 57.200708 135.601249 0.266677
W C  1031.4 106.1  1862.2 758.4  1601.9 1458.6  958.7 1232.0  508.6 850.2  247.7 1613.2 
W E  -0.253 97.6 67.9  -2.679 78.3 142.5  -0.647 165.6 80.5  -0.362 126.5 81.0  -0.281 105.6 94.5  0.369 183.0 103.1 
D C  -39.0 -426.5  257.8 295.7 
F 1666.574410 1149.604276 0.750186
E -2.396752 57.781381 140.968373 0.277053
W C  1031.4 106.1  1863.3 758.6  1602.6 1459.6  958.3 1231.8  508.5 850.1  247.4 1613.0 
W E  -0.253 97.6 67.9  -2.681 77.7 142.2  -0.647 165.3 79.8  -0.363 126.5 80.9  -0.282 105.6 94.5  0.369 182.9 103.1 
D C  -86.6 -430.1  204.9 297.1 
F 1697.002285 1179.674432 0.764403
E -2.398122 58.302767 146.639818 0.285640
W C  1031.3 106.1  1865.0 758.9  1604.0 1461.5  957.6 1231.5  508.3 850.0  246.8 1612.8 
W E  -0.253 97.6 67.9  -2.683 77.1 141.9  -0.646 165.1 79.0  -0.364 126.4 80.9  -0.282 105.6 94.5  0.369 182.9 103.1 
D C  -102.3 -432.3  187.1 295.9 
F 1725.833522 1210.950106 0.839014
E -2.397360 59.075308 152.554310 0.300613
W C  1031.2 106.1  1867.2 758.8  1604.5 1462.9  956.9 1231.4  508.1 849.9  246.2 1612.5 
W E  -0.253 97.6 67.9  -2.686 76.7 141.6  -0.645 164.9 78.1  -0.364 126.4 80.9  -0.282 105.6 94.5  0.369 182.9 103.1 
D C  -146.8 -436.5  137.0 299.6 
F 1725.932813 1209.035825 0.825403
E -2.398458 58.565766 151.735838 0.280598
W C  1031.2 106.1  1868.6 758.7  1604.9 1463.9  956.5 1231.2  508.0 849.8  245.8 1612.4 
W E  -0.253 97.6 67.9  -2.688 76.3 141.3  -0.644 164.6 77.3  -0.365 126.4 80.8  -0.283 105.6 94.5  0.369 182.8 103.1 
D C  -165.7 -434.5  126.2 295.0 
F 1752.140087 1245.173926 0.924424
E -2.396371 59.527618 158.248920 0.312006
W C  1031.2 106.1  1868.6 758.5  1605.1 1465.0  956.5 1231.2  508.0 849.8  245.9 1612.4 
W E  -0.253 97.6 67.9  -2.688 76.2 141.3  -0.641 164.5 76.5  -0.365 126.4 80.8  -0.283 105.6 94.5  0.369 182.8 103.1 
D C  111.4 279.3 
F 1774.955233 1283.266785 1.025486
E -2.391600 60.228967 163.260804 0.315292
W C  1031.1 106.0  1868.7 757.8  1605.7 1465.8  956.8 1231.1  508.0 849.8  244.9 1612.3 
W E  -0.253 97.6 67.9  -2.686 76.0 141.0  -0.644 163.6 75.0  -0.365 126.3 80.8  -0.283 105.6 94.5  0.373 180.5 102.7 
D C  87.3 262.1  -513.4 1503.6 
F 1794.302128 1322.090988 1.120773
E -2.381713 60.683838 168.230495 0.319879
W C  1031.1 106.0  1868.5 756.9  1606.9 1467.7  957.0 1231.0  508.1 849.8  244.2 1611.6 
W E  -0.253 97.6 67.9  -2.683 75.8 140.8  -0.645 162.9 73.3  -0.366 126.2 80.8  -0.283 105.6 94.5  0.377 178.5 102.3 
D C  78.5 256.7  -485.0 1510.9 
F 1810.076554 1362.189833 1.215533
E -2.367014 61.020257 173.052100 0.325500
W C  1031.0 105.9  1868.2 755.8  1608.0 1469.7  957.2 1231.0  508.1 849.8  243.5 1611.0 
W E  -0.253 97.6 67.9  -2.681 75.6 140.6  -0.644 162.2 71.5  -0.367 126.2 80.8  -0.283 105.5 94.5  0.381 176.8 102.0 
D C  53.9 237.6  -385.1 1552.8 
F 1810.787468 1361.024020 1.214345
E -2.368117 60.659807 171.110758 0.301489
W C  1031.0 105.9  1868.1 755.3  1608.7 1470.5  957.3 1230.9  508.2 849.8  242.8 1610.5 
W E  -0.253 97.6 67.9  -2.679 75.5 140.4  -0.644 161.7 70.1  -0.367 126.1 80.7  -0.284 105.5 94.5  0.386 175.3 101.8 
D C  44.0 233.1  -357.2 1562.8 
F 1822.797223 1402.369145 1.309089
E -0.779686 175.637069 61.016908 0.316684
W C  1030.9 105.9  1867.9 754.5  1609.5 1471.9  957.6 1230.9  508.2 849.7  242.3 1610.1 
W E  -0.253 97.6 67.9  -2.677 75.3 140.2  -0.643 161.1 68.8  -0.368 126.1 80.7  -0.284 105.5 94.5  0.390 174.0 101.5 
D C  28.3 225.5  -276.6 1587.1 
F 1829.619429 1445.838991 1.412719
E -0.754783 181.977872 61.634471 0.352939
W C  1030.9 105.9  1867.7 753.8  1609.5 1473.5  957.7 1230.8  508.2 849.7  242.6 1610.0 
W E  -0.253 97.6 67.9  -2.675 75.2 140.1  -0.639 160.9 67.9  -0.368 126.1 80.7  -0.284 105.5 94.5  0.390 173.9 101.5 
D C  12.0 220.5 
F 1831.894116 1488.463287 1.517270
E -0.723539 188.529732 62.710123 0.384227
W C  1030.9 105.8  1867.6 753.0  1609.3 1475.2  958.0 1230.8  508.3 849.7  243.1 1610.2 
W E  -0.253 97.6 67.9  -2.674 75.1 140.0  -0.636 160.6 67.3  -0.368 126.0 80.7  -0.284 105.5 94.5  0.390 173.9 101.5 
D C  -3.5 218.5 
F 1829.838683 1532.255368 1.614472
E -0.684752 195.543549 64.621091 0.413153
W C  1030.8 105.8  1867.5 752.5  1609.1 1476.1  958.1 1230.7  508.3 849.7  243.5 1610.3 
W E  -0.253 97.6 67.9  -2.673 75.0 139.9  -0.633 160.4 66.9  -0.368 126.0 80.7  -0.284 105.5 94.5  0.390 173.8 101.5 
D C  -31.5 220.8 
F 1829.838683 1532.255368 1.614472
E -0.684752 195.543549 64.621091 0.413153
W C  1030.8 105.8  1867.5 752.5  1609.1 1476.1  958.1 1230.7  508.3 849.7  243.5 1610.3 
W E  -0.253 97.6 67.9  -2.673 75.0 139.9  -0.633 160.4 66.9  -0.368 126.0 80.7  -0.284 105.5 94.5  0.390 173.8 101.5 
D C 
F 1827.715758 1573.693688 1.749328
E -0.653430 198.387923 67.393212 0.406744
W C  1030.8 105.8  1867.1 751.9  1610.4 1477.2  958.2 1230.7  508.3 849.7  242.8 1609.3 
W E  -0.253 97.6 67.9  -2.672 74.9 139.8  -0.635 160.1 66.4  -0.368 126.0 80.7  -0.284 105.5 94.5  0.394 172.6 101.4 
D C  122.1 1605.2 
F 1820.901508 1612.906201 1.888031
E -0.623104 200.570740 70.477172 0.404465
W C  1030.8 105.8  1866.8 751.4  1611.4 1478.2  958.3 1230.7  508.3 849.7  242.5 1608.5 
W E  -0.253 97.6 67.9  -2.671 74.9 139.7  -0.636 159.8 66.0  -0.368 126.0 80.7  -0.284 105.5 94.5  0.398 171.6 101.2 
D C  253.5 1583.1 
F 1792.516071 1649.888524 2.118674
E -0.591400 203.327202 73.677712 0.404043
W C  1030.8 105.8  1867.4 750.5  1613.2 1476.7  959.2 1230.8  505.8 850.7  242.7 1607.6 
W E  -0.253 97.6 67.9  -2.671 74.9 139.7  -0.638 159.5 65.7  -0.369 125.9 80.7  -0.310 105.0 94.0  0.396 171.3 101.1 
D C  310.7 1567.9 
F 1801.926304 1650.436296 2.060800
E -0.609219 199.552343 71.366047 0.339479
W C  1030.8 105.7  1867.2 750.7  1612.8 1478.0  960.3 1229.7  505.7 851.2  242.5 1607.1 
W E  -0.253 97.6 67.9  -2.670 74.8 139.6  -0.639 159.1 65.4  -0.370 125.5 80.3  -0.310 105.0 94.0  0.398 170.3 100.9 
D C  493.5 1497.5  -73.5 911.2 
F 1785.789712 1684.360321 2.148707
E -0.587164 199.762908 72.792843 0.329602
W C  1030.7 105.7  1867.0 750.7  1612.5 1478.9  961.5 1229.0  505.5 851.6  242.0 1606.4 
W E  -0.253 97.6 67.9  -2.669 74.8 139.5  -0.641 158.7 65.2  -0.371 125.1 79.9  -0.309 105.0 94.0  0.400 169.3 100.8 
D C  546.3 1473.2  -45.1 905.1 
F 1764.191702 1717.660048 2.243504
E -0.570621 198.938587 73.355361 0.306245
W C  1030.7 105.7  1866.8 751.0  1611.7 1479.6  962.0 1229.3  506.3 851.1  241.7 1606.3 
W E  -0.253 97.6 67.9  -2.668 74.7 139.4  -0.645 158.2 64.8  -0.372 124.6 79.5  -0.333 104.5 93.4  0.401 168.1 100.5 
D C  718.3 1366.3  51.8 899.4  -70.7 1510.6 
F 1736.955139 1747.048350 2.355378
E -0.547801 198.992723 74.699626 0.310874
W C  1030.7 105.7  1866.8 751.0  1611.4 1479.7  962.9 1229.3  506.2 851.4  241.1 1605.5 
W E  -0.253 97.6 67.9  -2.667 74.7 139.3  -0.646 157.9 64.7  -0.374 124.3 79.2  -0.333 104.5 93.4  0.402 167.3 100.3 
D C  821.0 1281.3  108.2 882.4 
F 1737.531630 1747.755161 2.344440
E -0.555717 197.380164 73.292700 0.280970
W C  1030.7 105.7  1866.8 751.1  1611.1 1479.7  963.5 1229.5  506.2 851.5  240.8 1605.0 
W E  -0.253 97.6 67.9  -2.667 74.7 139.2  -0.648 157.7 64.5  -0.375 123.9 78.9  -0.332 104.5 93.4  0.403 166.5 100.2 
D C  865.4 1230.7  138.0 879.0 
F 1703.973387 1772.437868 2.482106
E -0.532217 197.363474 74.476351 0.297930
W C  1030.7 105.7  1866.8 751.1  1610.8 1479.6  964.1 1229.9  506.1 851.5  240.6 1604.5 
W E  -0.253 97.6 67.9  -2.666 74.6 139.2  -0.649 157.5 64.4  -0.376 123.6 78.6  -0.332 104.5 93.4  0.404 165.8 100.0 
D C  990.5 1087.7  221.3 842.1 
F 1670.519901 1793.662040 2.590977
E -0.508860 196.830750 75.765724 0.303211
W C  1030.7 105.7  1866.9 751.0  1610.7 1479.5  964.8 1230.2  506.1 851.6  240.0 1603.7 
W E  -0.253 97.6 67.9  -2.666 74.6 139.1  -0.650 157.3 64.3  -0.377 123.4 78.3  -0.332 104.5 93.4  0.405 165.1 99.8 
D C  1034.3 1035.8  249.3 824.2 
F 1632.445576 1810.904162 2.723475
E -0.484412 195.995645 77.293823 0.311133
W C  1030.7 105.7  1866.9 751.0  1610.5 1479.4  965.3 1230.7  506.1 851.7  239.7 1603.1 
W E  -0.253 97.6 67.9  -2.665 74.6 139.1  -0.651 157.1 64.2  -0.378 123.1 78.0  -0.332 104.5 93.4  0.406 164.5 99.7 
D C  1117.9 868.2  321.9 778.7 
F 1594.197568 1823.809445 2.840759
E -0.461022 194.690488 78.808884 0.312243
W C  1030.7 105.7  1866.9 750.9  1610.5 1479.2  965.8 1231.2  506.0 851.7  239.3 1602.4 
W E  -0.253 97.6 67.9  -2.665 74.6 139.0  -0.652 157.0 64.1  -0.379 122.8 77.7  -0.333 104.5 93.4  0.407 163.9 99.5 
D C  1169.4 756.9  368.4 738.9 
F 1594.145368 1824.449039 2.832953
E -0.466628 193.657631 77.128745 0.280961
W C  1030.7 105.7  1866.9 750.9  1610.4 1479.1  966.2 1231.7  506.0 851.7  239.0 1601.9 
W E  -0.253 97.6 67.9  -2.664 74.5 139.0  -0.653 156.8 64.0  -0.379 122.6 77.4  -0.333 104.5 93.4  0.408 163.3 99.3 
D C  1186.4 692.7  388.9 718.3 
F 1552.379541 1830.145200 2.975420
E -0.443184 192.144085 78.449025 0.296526
W C  1030.7 105.7  1866.9 750.9  1610.1 1478.9  966.6 1232.2  506.0 851.7  238.8 1601.3 
W E  -0.253 97.6 67.9  -2.664 74.5 139.0  -0.653 156.7 64.0  -0.380 122.3 77.2  -0.333 104.5 93.4  0.408 162.8 99.2 
D C  1228.1 496.6  441.6 640.4 
F 1512.087113 1832.706522 3.097133
E -0.420768 190.134124 79.857197 0.305092
W C  1030.7 105.7  1867.0 750.7  1610.2 1478.7  967.0 1232.8  506.0 851.7  238.4 1600.6 
W E  -0.253 97.6 67.9  -2.664 74.5 138.9  -0.654 156.6 63.9  -0.380 122.1 76.9  -0.333 104.5 93.4  0.409 162.3 99.0 
D C  1241.8 441.1  458.4 619.1 
F 1471.149796 1829.288264 -3.058146
E -0.399835 187.766249 81.237156 0.307806
W C  1030.7 105.7  1867.0 750.6  1610.2 1478.5  967.3 1233.4  506.0 851.7  238.0 1599.9 
W E  -0.253 97.6 67.9  -2.664 74.5 138.9  -0.655 156.5 63.8  -0.380 121.8 76.6  -0.333 104.5 93.4  0.410 161.8 98.8 
D C  1244.9 232.8  503.6 533.0 
F 1469.390598 1827.743498 -3.048824
E -0.403368 186.961702 79.594374 0.277230
W C  1030.7 105.7  1867.0 750.6  1610.0 1478.3  967.7 1234.0  506.0 851.7  238.0 1599.4 
W E  -0.253 97.6 67.9  -2.663 74.5 138.9  -0.655 156.3 63.8  -0.380 121.6 76.3  -0.333 104.5 93.4  0.411 161.3 98.6 
D C  1219.6 102.2  521.9 470.9 
F 1424.966652 1818.465759 -3.001720
E -0.379983 184.134850 80.057180 0.267619
W C  1030.8 106.3  1867.0 749.9  1610.4 1477.5  968.0 1234.2  506.0 851.6  238.0 1598.6 
W E  -0.252 97.4 67.6  -2.662 74.4 138.8  -0.655 156.2 63.6  -0.378 121.2 76.0  -0.333 104.5 93.4  0.411 160.8 98.3 
D C  1209.0 41.7  528.2 442.3  598.4 1583.6 
F 1381.020072 1806.291446 -2.965255
E -0.355944 181.033476 81.257769 0.263499
W C  1031.0 106.3  1866.3 750.3  1610.8 1477.3  968.2 1234.7  506.0 851.6  238.2 1598.1 
W E  -0.252 97.4 67.6  -2.664 74.3 138.4  -0.655 156.0 63.6  -0.377 120.9 75.8  -0.333 104.5 93.3  0.412 160.4 98.1 
D C  1155.2 -77.2  513.9 389.1  -227.3 1102.7 
F 1338.820186 1792.624844 -2.933383
E -0.331790 177.947857 82.454911 0.261004
W C  1031.2 106.2  1865.7 750.4  1611.4 1477.1  968.2 1235.2  506.0 851.7  238.3 1597.6 
W E  -0.252 97.4 67.6  -2.666 74.2 138.0  -0.656 155.9 63.5  -0.376 120.5 75.5  -0.333 104.5 93.3  0.413 159.9 97.9 
D C  1138.0 -104.2  504.8 377.4  -217.7 1107.8 
F 1297.279532 1777.664117 -2.900408
E -0.307746 174.889892 83.591030 0.258960
W C  1031.3 106.1  1865.3 750.5  1612.0 1476.9  968.1 1235.8  506.1 851.7  238.4 1597.2 
W E  -0.252 97.4 67.6  -2.668 74.0 137.6  -0.657 155.8 63.5  -0.374 120.2 75.2  -0.334 104.5 93.3  0.414 159.5 97.6 
D C  1079.7 -145.8  471.7 359.5  -234.2 1119.0 
F 1297.900593 1774.308255 -2.883703
E -0.308226 173.855986 82.067160 0.235553
W C  1031.3 106.1  1865.1 750.6  1612.2 1476.6  968.0 1236.3  506.1 851.7  238.6 1596.9 
W E  -0.252 97.4 67.6  -2.670 73.9 137.2  -0.657 155.6 63.4  -0.373 119.8 75.0  -0.334 104.5 93.3  0.416 159.0 97.4 
D C  1061.5 -150.0  458.2 358.1  -251.2 1114.9 
F 1255.086118 1759.947866 -2.867757
E -0.283529 170.769764 83.138318 0.246217
W C  1031.4 106.1  1865.0 750.6  1612.4 1476.4  967.9 1236.8  506.1 851.7  238.7 1596.6 
W E  -0.252 97.4 67.6  -2.671 73.8 136.8  -0.657 155.5 63.3  -0.372 119.5 74.7  -0.334 104.5 93.3  0.417 158.6 97.1 
D C  1016.0 -149.9  411.8 358.0  -302.9 1118.1 
F 1212.989989 1744.291559 -2.853453
E -0.256439 167.727166 83.366423 0.243142
W C  1031.3 106.5  1865.0 750.3  1613.0 1475.8  967.8 1237.1  506.1 851.7  238.9 1596.0 
W E  -0.250 97.2 67.3  -2.673 73.6 136.4  -0.657 155.3 63.3  -0.368 118.9 74.4  -0.334 104.5 93.3  0.418 158.2 96.7 
D C  985.4 -154.7  381.6 355.0  618.0 1482.2  -325.8 1120.5 
F 1171.906345 1729.157056 -2.840065
E -0.230345 164.774428 84.508738 0.250266
W C  1031.4 106.5  1864.9 750.1  1613.6 1475.5  967.4 1237.7  506.1 851.7  239.0 1595.6 
W E  -0.250 97.2 67.3  -2.674 73.5 136.1  -0.658 155.2 63.2  -0.367 118.6 74.2  -0.334 104.5 93.3  0.419 157.8 96.5 
D C  965.4 -154.6  363.7 357.6  -338.5 1125.2 
F 1131.679074 1715.004684 -2.835095
E -0.208708 161.416629 84.383104 0.243561
W C  1031.5 106.5  1864.8 749.9  1614.4 1475.2  966.9 1238.6  506.0 851.1  239.5 1595.8 
W E  -0.250 97.1 67.3  -2.676 73.4 135.7  -0.659 155.0 63.1  -0.365 118.0 73.9  -0.335 104.0 92.5  0.418 157.0 96.0 
D C  920.6 -156.1  865.4 667.9  316.4 356.2  -393.2 1128.9 
F 1131.532009 1714.610179 -2.834899
E -0.216420 160.252736 82.262929 0.222920
W C  1031.5 106.5  1864.7 749.8  1614.4 1475.1  966.5 1239.2  506.5 850.8  239.4 1595.6 
W E  -0.250 97.1 67.3  -2.676 73.3 135.7  -0.660 154.9 63.0  -0.363 117.5 73.5  -0.338 103.6 91.8  0.416 156.3 95.6 
D C  887.6 -156.1  828.7 664.3  284.4 355.9 
F 1089.294725 1700.736972 -2.832027
E -0.194055 157.333940 82.331719 0.237219
W C  1031.5 106.5  1864.7 749.6  1614.5 1475.0  966.0 1239.9  506.8 850.4  239.4 1595.6 
W E  -0.250 97.1 67.3  -2.676 73.3 135.6  -0.660 154.8 63.0  -0.361 117.1 73.2  -0.340 103.2 91.1  0.415 155.6 95.2 
D C  850.6 -157.7  797.1 663.4  250.3 355.9 
F 1048.250931 1687.009155 -2.829460
E -0.171287 154.569707 82.451874 0.244301
W C  1031.5 106.5  1864.7 749.4  1614.9 1474.8  965.5 1240.6  507.0 849.9  239.5 1595.7 
W E  -0.250 97.1 67.3  -2.676 73.3 135.6  -0.661 154.7 62.9  -0.360 116.6 72.9  -0.341 102.8 90.4  0.414 154.9 94.7 
D C  818.5 -162.2  765.7 657.4  220.1 357.8 
F 1008.375800 1673.138588 -2.822666
E -0.147295 151.914100 82.675256 0.248711
W C  1031.5 106.5  1864.7 749.0  1615.6 1474.6  964.6 1241.3  507.1 849.3  240.0 1596.0 
W E  -0.250 97.1 67.3  -2.676 73.3 135.5  -0.662 154.6 62.8  -0.360 116.1 72.6  -0.341 102.4 89.8  0.413 154.3 94.3 
D C  802.3 -166.7  749.5 655.6  206.9 358.1 
F 1007.861994 1673.225059 -2.826001
E -0.154664 150.961442 80.875627 0.227307
W C  1031.5 106.5  1864.7 749.0  1615.5 1474.6  964.4 1241.8  507.5 849.0  239.7 1596.0 
W E  -0.250 97.1 67.3  -2.676 73.2 135.5  -0.662 154.5 62.8  -0.359 115.6 72.4  -0.341 102.0 89.2  0.412 153.7 93.8 
D C  758.5 -167.3  700.8 660.0  156.1 358.9 
F 966.503009 1659.604761 -2.825469
E -0.128860 148.526664 81.115653 0.240198
W C  1031.5 106.5  1864.6 748.8  1615.8 1474.5  963.9 1242.3  507.9 848.5  239.7 1596.2 
W E  -0.250 97.1 67.3  -2.675 73.2 135.4  -0.663 154.4 62.7  -0.359 115.2 72.1  -0.340 101.6 88.6  0.411 153.2 93.4 
D C  739.3 -167.8  679.8 660.2  139.5 359.2 
F 924.577580 1645.986453 -2.825991
E -0.102397 146.227849 81.478194 0.247336
W C  1031.5 106.5  1864.6 748.6  1616.0 1474.4  963.4 1242.8  508.2 848.0  239.7 1596.4 
W E  -0.250 97.1 67.3  -2.675 73.2 135.4  -0.663 154.3 62.7  -0.360 114.8 71.8  -0.338 101.2 88.1  0.410 152.6 92.9 
D C  693.8 -171.0  631.8 664.6  94.7 360.3 
F 883.594312 1632.597234 -2.824709
E -0.075692 144.091963 81.897816 0.250693
W C  1031.5 106.5  1864.5 748.4  1616.4 1474.3  962.9 1243.2  508.6 847.7  239.6 1596.7 
W E  -0.250 97.1 67.3  -2.675 73.2 135.4  -0.664 154.2 62.6  -0.361 114.4 71.6  -0.336 100.8 87.6  0.409 152.1 92.4 
D C  666.3 -170.7  595.6 658.1  63.8 362.6 
F 843.867802 1619.300703 -2.818137
E -0.048091 142.102143 82.381952 0.252754
W C  1031.4 106.6  1864.5 748.1  1617.0 1474.1  962.1 1243.5  508.8 847.3  239.9 1597.1 
W E  -0.250 97.1 67.3  -2.675 73.2 135.3  -0.664 154.1 62.6  -0.362 114.0 71.3  -0.332 100.4 87.0  0.409 151.6 91.9 
D C  648.8 -174.7  583.1 656.4  47.9 363.1 
F 843.637872 1619.561677 -2.822095
E -0.055872 141.335891 80.427606 0.230527
W C  1031.5 106.6  1864.5 748.0  1617.0 1474.1  962.0 1243.8  509.2 846.9  239.4 1597.2 
W E  -0.250 97.1 67.3  -2.675 73.2 135.3  -0.665 154.0 62.5  -0.364 113.7 71.0  -0.329 100.0 86.5  0.408 151.1 91.4 
D C  603.7 -176.6  536.2 654.4  -0.3 365.0 
F 801.828941 1605.624058 -2.809270
E -0.026619 139.528901 80.912111 0.242703
W C  1031.4 106.6  1864.4 747.9  1617.1 1474.0  961.8 1244.1  509.6 846.7  239.0 1597.2 
W E  -0.250 97.1 67.3  -2.675 73.2 135.3  -0.665 154.0 62.5  -0.365 113.4 70.7  -0.326 99.6 86.0  0.407 150.7 90.9 
D C  570.1 -174.4  500.0 654.1  -32.9 366.1 
F 760.512305 1590.342051 -2.743541
E 0.003415 137.789794 81.525044 0.257260
W C  1031.4 106.5  1864.4 747.7  1617.4 1473.8  961.5 1244.7  510.0 846.5  238.5 1596.9 
W E  -0.250 97.1 67.3  -2.675 73.2 135.2  -0.666 153.9 62.5  -0.367 113.1 70.4  -0.321 99.2 85.6  0.406 150.3 90.4 
D C  540.6 -176.3  467.2 651.6  -64.7 364.7 
F 722.221656 1572.652046 -2.633776
E 0.033156 136.040447 82.196994 0.277266
W C  1031.4 106.5  1864.4 747.4  1617.8 1473.6  961.0 1245.4  510.6 846.4  237.9 1596.5 
W E  -0.250 97.1 67.3  -2.675 73.2 135.2  -0.666 153.8 62.4  -0.369 112.9 70.1  -0.316 98.8 85.1  0.405 149.9 89.9 
D C  495.0 -211.8  473.4 623.2  -72.1 366.8 
F 721.575155 1575.153418 -2.657493
E 0.024676 135.430092 80.219023 0.247437
W C  1031.4 106.5  1864.4 747.3  1617.8 1473.5  960.8 1245.8  511.1 846.0  237.3 1596.5 
W E  -0.250 97.1 67.3  -2.675 73.2 135.2  -0.666 153.8 62.4  -0.370 112.7 69.8  -0.312 98.4 84.6  0.405 149.5 89.4 
D C  467.3 -233.0  477.6 609.1  -77.0 367.7 
F 685.658243 1550.010183 -2.517823
E 0.058643 133.492542 80.207994 0.265984
W C  1032.0 106.8  1864.3 746.8  1618.1 1473.0  960.5 1246.0  511.2 845.8  236.9 1596.9 
W E  -0.244 96.7 67.1  -2.675 73.2 135.1  -0.666 153.6 62.4  -0.371 112.3 69.5  -0.304 97.8 84.1  0.403 149.2 88.5 
D C  384.1 -301.2  513.5 530.3  421.7 1394.0  -68.8 368.2 
F 655.425781 1521.936932 -2.395673
E 0.084785 131.194035 79.994042 0.264038
W C  1032.1 107.1  1864.3 746.4  1618.3 1472.7  960.4 1246.2  511.5 845.4  236.4 1596.9 
W E  -0.239 96.2 66.9  -2.674 73.1 135.0  -0.666 153.5 62.4  -0.371 112.0 69.1  -0.296 97.3 83.7  0.400 148.8 87.7 
D C  292.0 -357.5  542.5 445.9  577.0 1315.3  -59.0 372.3 
F 628.378490 1493.894177 -2.306192
E 0.106691 128.622684 79.798983 0.260313
W C  1032.2 107.5  1864.4 746.0  1618.7 1472.3  960.3 1246.3  511.8 845.2  235.8 1596.8 
W E  -0.233 95.7 66.7  -2.674 73.1 134.9  -0.666 153.4 62.3  -0.371 111.8 68.7  -0.288 96.7 83.2  0.398 148.4 86.9 
D C  255.9 -377.3  547.0 414.2  621.5 1275.8  -54.4 372.7 
F 628.243108 1492.895310 -2.304920
E 0.098964 127.985969 78.277445 0.236010
W C  1032.3 107.4  1864.3 746.0  1618.6 1472.3  960.2 1246.7  512.1 844.8  235.3 1597.0 
W E  -0.234 95.7 66.7  -2.674 73.1 134.9  -0.666 153.3 62.3  -0.372 111.6 68.3  -0.284 96.3 82.8  0.397 148.1 86.5 
D C  187.9 -402.9  556.5 357.8  -47.5 373.2 
F 606.049314 1458.395318 -2.176472
E 0.120888 125.324480 78.338988 0.250337
W C  1032.1 107.9  1864.4 745.6  1618.9 1471.9  960.3 1246.8  512.4 844.3  234.9 1596.8 
W E  -0.228 95.3 66.5  -2.674 73.1 134.8  -0.667 153.2 62.3  -0.372 111.3 67.9  -0.277 95.8 82.4  0.394 147.8 85.7 
D C  120.7 -424.8  560.1 299.9  791.8 1126.0  -41.8 374.4 
F 588.061068 1422.850162 -2.063904
E 0.137249 122.478794 78.432439 0.254299
W C  1031.9 108.2  1864.4 745.3  1619.2 1471.6  960.4 1246.9  512.7 843.8  234.3 1596.5 
W E  -0.223 94.8 66.3  -2.674 73.1 134.7  -0.667 153.1 62.3  -0.371 111.1 67.5  -0.270 95.2 82.0  0.392 147.4 85.1 
D C  45.3 -442.5  558.3 237.8  874.6 1034.6  -34.7 373.1 
F 573.662072 1387.214213 -1.958332
E 0.144660 119.587789 79.350039 0.271136
W C  1031.4 108.3  1864.5 745.1  1619.5 1471.6  960.6 1247.3  513.4 843.4  233.0 1596.0 
W E  -0.223 94.8 66.3  -2.674 73.1 134.7  -0.667 153.1 62.3  -0.372 110.9 67.2  -0.268 94.8 81.6  0.391 147.1 84.7 
D C  8.6 -446.6  556.9 207.5  -31.4 374.2 
F 564.689864 1353.675624 -1.837767
E 0.156364 116.699008 79.295625 0.256908
W C  1031.5 108.5  1864.4 745.0  1620.0 1471.3  960.8 1247.2  513.3 843.0  232.4 1596.1 
W E  -0.218 94.3 66.2  -2.677 72.9 134.3  -0.667 153.0 62.2  -0.370 110.6 66.7  -0.262 94.1 81.2  0.389 146.7 84.0 
D C  -104.3 -453.2  534.5 120.4  998.4 846.7  194.9 1410.6  -21.0 374.8 
F 567.199815 1351.894111 -1.824054
E 0.159788 115.700644 77.521958 0.216577
W C  1031.3 108.9  1864.3 744.6  1619.8 1470.9  961.2 1247.8  514.0 842.5  231.7 1595.4 
W E  -0.214 93.9 66.0  -2.680 72.7 133.9  -0.667 152.6 62.1  -0.369 110.3 66.2  -0.257 93.4 80.8  0.387 146.3 83.4 
D C  -178.0 -446.0  512.5 55.6  1055.3 725.2  322.9 1383.0  -9.3 369.3  -318.6 961.9 
F 567.187721 1314.372309 -1.646436
E 0.170881 112.693798 78.133520 0.240584
W C  1031.3 109.3  1864.2 744.3  1619.5 1470.7  961.4 1248.3  514.2 842.1  232.1 1595.1 
W E  -0.210 93.4 65.8  -2.683 72.4 133.6  -0.668 152.3 62.0  -0.366 110.1 65.7  -0.254 92.7 80.5  0.384 146.1 83.0 
D C  488.7 -19.1  1115.7 575.6  473.2 1325.7  13.1 361.8  -220.7 993.5 
F 571.519456 1277.846634 -1.489268
E 0.168820 109.714729 78.426905 0.255511
W C  1031.3 109.6  1864.0 744.2  1619.7 1470.4  961.2 1248.7  514.4 841.6  232.5 1595.2 
W E  -0.205 93.0 65.7  -2.686 72.2 133.2  -0.668 152.3 61.9  -0.364 109.8 65.3  -0.249 92.0 80.2  0.383 145.9 82.6 
D C  456.0 -83.1  1153.1 425.6  612.4 1247.4  33.3 351.8 
F 583.173676 1242.255298 -1.315824
E 0.146611 106.903016 78.924071 0.273393
W C  1031.4 109.5  1863.7 744.2  1619.8 1470.4  961.0 1249.4  514.5 841.2  232.6 1595.0 
W E  -0.206 93.0 65.7  -2.688 72.0 133.0  -0.668 152.2 61.9  -0.362 109.7 64.9  -0.247 91.5 79.9  0.381 145.8 82.4 
D C  388.3 -177.5  791.3 1096.5  58.8 334.4 
F 585.367018 1240.865834 -1.304067
E 0.160265 106.272000 77.573408 0.236501
W C  1031.2 109.9  1863.6 743.9  1620.2 1470.1  961.2 1249.9  514.4 840.8  232.9 1594.2 
W E  -0.202 92.5 65.5  -2.691 71.8 132.7  -0.668 152.1 61.9  -0.359 109.4 64.5  -0.240 90.8 79.5  0.380 145.7 82.1 
D C  361.4 -204.4  1167.8 112.3  848.8 1048.9  66.9 327.2 
F 604.402362 1206.546704 -1.119389
E 0.124473 103.479219 77.308964 0.257811
W C  1031.2 110.2  1863.5 743.6  1620.6 1469.8  961.1 1250.5  514.3 840.5  233.3 1593.8 
W E  -0.198 92.1 65.4  -2.693 71.6 132.4  -0.668 152.1 61.9  -0.355 109.2 64.1  -0.230 90.1 79.2  0.379 145.5 81.8 
D C  299.1 -257.6  1139.5 -48.1  958.3 919.4  80.4 309.7 
F 626.751798 1176.503788 -0.960391
E 0.078820 101.220257 76.453925 0.262856
W C  1031.4 110.4  1863.5 743.2  1620.9 1469.5  960.9 1250.9  514.2 840.1  233.7 1593.7 
W E  -0.194 91.7 65.2  -2.696 71.4 132.1  -0.668 152.0 61.9  -0.351 108.9 63.7  -0.214 89.4 78.9  0.377 145.4 81.5 
D C  230.0 -296.1  1093.5 -195.8  1039.4 787.0  91.0 291.0 
F 651.922625 1150.550048 -0.816699
E 0.032925 99.466290 75.220188 0.262533
W C  1031.5 110.7  1863.5 742.8  1621.2 1469.2  960.7 1251.3  514.1 839.5  234.1 1593.8 
W E  -0.191 91.3 65.1  -2.698 71.2 131.8  -0.668 151.9 61.9  -0.347 108.6 63.3  -0.193 88.6 78.6  0.376 145.3 81.3 
D C  160.0 -329.9  1025.6 -345.0  1108.0 642.3  100.3 272.9 
F 678.813635 1125.538838 -0.739877
E -0.003981 97.862634 73.679636 0.252908
W C  1031.6 110.9  1863.4 742.5  1621.2 1469.2  960.4 1251.4  514.3 838.6  234.4 1594.8 
W E  -0.188 90.9 64.9  -2.700 71.0 131.5  -0.667 151.9 61.9  -0.342 108.4 62.9  -0.166 88.0 78.2  0.375 145.2 81.1 
D C  126.2 -345.2  988.0 -411.9  1127.3 564.2  103.5 264.0 
F 682.540337 1126.001587 -0.710732
E 0.010018 97.057098 72.473088 0.222861
W C  1031.7 111.1  1863.5 742.1  1621.5 1468.9  960.2 1251.9  514.3 838.5  234.6 1594.3 
W E  -0.185 90.5 64.8  -2.702 70.7 131.3  -0.667 151.8 61.8  -0.337 108.1 62.6  -0.139 87.3 77.8  0.374 145.1 80.9 
D C  21.0 -374.4  861.3 -590.0  1181.2 351.4  111.6 238.2 
F 721.264529 1099.425718 -0.664187
E -0.031278 95.458078 71.154357 0.230124
W C  1031.7 111.2  1863.5 741.8  1621.5 1468.9  960.2 1252.2  514.5 838.4  234.5 1594.1 
W E  -0.182 90.1 64.6  -2.704 70.5 131.0  -0.667 151.7 61.8  -0.331 107.7 62.2  -0.109 86.8 77.4  0.373 145.1 80.7 
D C  -50.1 -379.6  773.3 -670.2  1165.1 240.1  99.6 227.0 
F 761.133143 1077.361438 -0.605536
E -0.070065 94.019665 70.015776 0.225833
W C  1031.9 111.5  1863.5 741.4  1621.7 1467.7  959.7 1253.1  515.2 837.9  234.2 1594.1 
W E  -0.179 89.7 64.5  -2.706 70.3 130.7  -0.667 151.5 61.7  -0.325 107.2 61.8  -0.079 86.2 76.8  0.372 145.0 80.5 
D C  -106.3 -380.6  702.3 -697.0  1136.0 194.4  558.8 694.9  69.4 222.0 
F 800.906903 1057.265274 -0.560384
E -0.112163 93.023724 69.500036 0.229577
W C  1031.9 111.8  1863.5 741.1  1621.8 1466.8  959.3 1253.8  516.2 837.2  233.9 1594.3 
W E  -0.177 89.4 64.3  -2.707 70.1 130.5  -0.667 151.2 61.5  -0.319 106.7 61.6  -0.063 85.9 76.7  0.372 144.9 80.4 
D C  638.2 -720.6  1103.8 147.3  549.8 679.4  42.0 219.2 
F 804.840189 1058.234431 -0.544191
E -0.116212 92.309691 68.526899 0.207219
W C  1031.8 112.1  1863.1 740.9  1621.4 1466.3  957.6 1255.6  518.2 836.1  233.8 1593.9 
W E  -0.176 89.1 64.2  -2.709 69.9 130.3  -0.667 151.0 61.4  -0.313 106.3 61.3  -0.049 85.6 76.6  0.372 144.9 80.3 
D C  583.9 -723.9  1056.0 144.2  505.9 678.8  -5.6 223.2 
F 846.526548 1036.876753 -0.524575
E -0.164587 91.555934 68.119969 0.222313
W C  1032.0 112.4  1863.0 740.6  1621.3 1465.8  956.7 1256.4  519.3 835.6  233.7 1593.9 
W E  -0.174 88.7 64.0  -2.710 69.7 130.0  -0.667 150.7 61.2  -0.309 105.8 61.2  -0.037 85.4 76.6  0.372 144.9 80.2 
D C  568.0 -722.2  1029.5 143.8  487.8 675.9  -21.7 225.9 
F 887.215794 1016.765680 -0.503273
E -0.212758 91.197133 68.097509 0.232723
W C  1032.3 112.6  1862.8 740.3  1621.2 1465.4  956.3 1256.9  519.7 835.4  233.7 1593.9 
W E  -0.173 88.4 63.9  -2.711 69.5 129.8  -0.667 150.4 61.1  -0.307 105.6 61.1  -0.028 85.2 76.5  0.371 144.9 80.2 
D C  539.2 -725.9  994.3 145.1  452.1 682.3 
F 927.748913 997.223152 -0.488902
E -0.261493 90.962366 68.300786 0.237978
W C  1032.7 112.8  1862.8 739.9  1621.3 1464.9  956.0 1257.3  519.9 835.3  233.7 1594.0 
W E  -0.172 88.1 63.7  -2.713 69.3 129.6  -0.667 150.2 60.9  -0.306 105.5 61.0  -0.021 85.1 76.4  0.371 144.9 80.1 
D C  502.1 -721.1  959.5 143.1  423.8 679.6 
F 928.985221 998.134172 -0.480492
E -0.271521 90.538556 67.162322 0.215631
W C  1032.9 113.0  1862.5 739.7  1621.0 1464.7  956.1 1257.4  520.3 835.1  233.8 1594.0 
W E  -0.172 87.8 63.6  -2.714 69.1 129.3  -0.667 149.9 60.8  -0.305 105.5 60.9  -0.015 85.0 76.4  0.371 144.9 80.0 
D C  472.7 -720.6  927.4 144.1  389.9 684.6 
F 969.207226 978.744865 -0.471686
E -0.321345 90.468861 67.300157 0.228794
W C  1033.2 113.3  1862.3 739.5  1620.9 1464.5  956.1 1257.5  520.4 835.0  233.9 1594.0 
W E  -0.171 87.5 63.4  -2.715 68.9 129.1  -0.667 149.7 60.6  -0.304 105.4 60.8  -0.009 84.9 76.4  0.371 144.8 80.0 
D C  439.7 -722.3  894.6 141.8  365.5 685.0 
F 1009.680707 959.398485 -0.463415
E -0.372238 90.520854 67.680721 0.236198
W C  1033.7 113.4  1862.2 739.2  1620.9 1464.2  956.0 1257.6  520.5 835.1  233.9 1594.1 
W E  -0.171 87.2 63.3  -2.716 68.7 128.9  -0.667 149.5 60.5  -0.303 105.3 60.8  -0.003 84.8 76.3  0.371 144.8 79.9 
D C  408.0 -724.1  862.3 144.8  327.5 688.2 
F 1050.091401 939.883997 -0.461795
E -0.424403 90.678104 68.229463 0.239920
W C  1034.1 113.6  1862.1 738.9  1620.8 1463.9  956.0 1257.6  520.5 835.1  234.0 1594.2 
W E  -0.172 86.9 63.2  -2.717 68.5 128.7  -0.667 149.2 60.3  -0.302 105.3 60.7  0.002 84.8 76.3  0.371 144.8 79.9 
D C  363.4 -720.5  813.0 149.4  278.9 692.8 
F 1090.012091 920.957788 -0.455762
E -0.478499 90.940291 68.891902 0.241775
W C  1034.8 113.6  1862.0 738.4  1621.1 1463.4  955.8 1257.8  520.2 835.3  234.0 1594.5 
W E  -0.172 86.6 63.0  -2.717 68.3 128.5  -0.666 149.0 60.2  -0.301 105.2 60.7  0.006 84.7 76.2  0.371 144.8 79.8 
D C  347.9 -722.6  793.1 145.8  265.8 690.5 
F 1129.680326 902.143963 -0.454361
E -0.534500 91.314867 69.625325 0.242723
W C  1035.6 113.7  1862.1 737.9  1621.4 1462.8  955.5 1258.0  519.8 835.5  234.0 1594.8 
W E  -0.173 86.3 62.9  -2.718 68.1 128.2  -0.666 148.7 60.1  -0.301 105.2 60.6  0.011 84.6 76.2  0.370 144.8 79.8 
D C  313.2 -723.1  758.5 146.6  233.0 692.6 
F 1130.112805 902.381965 -0.453124
E -0.532830 90.934846 67.995223 0.219030
W C  1036.0 113.9  1861.8 737.7  1621.2 1462.7  955.6 1258.0  519.9 835.5  234.1 1594.8 
W E  -0.173 86.0 62.8  -2.718 67.9 128.0  -0.666 148.5 59.9  -0.300 105.1 60.6  0.015 84.5 76.2  0.370 144.8 79.7 
D C  264.4 -723.1  708.3 143.7  184.1 692.2 
F 1170.379675 883.194350 -0.451727
E -0.587660 91.454563 68.661729 0.231720
W C  1036.6 114.0  1861.7 737.3  1621.3 1462.4  955.4 1258.1  519.8 835.6  234.1 1595.0 
W E  -0.174 85.7 62.6  -2.719 67.8 127.8  -0.665 148.3 59.8  -0.299 105.1 60.5  0.019 84.5 76.1  0.370 144.8 79.7 
D C  249.0 -721.9  691.2 144.6  166.4 693.4 
F 1210.399500 864.130257 -0.450707
E -0.643827 92.076930 69.444286 0.238024
W C  1037.2 114.1  1861.5 736.9  1621.4 1462.1  955.3 1258.2  519.6 835.7  234.2 1595.1 
W E  -0.175 85.4 62.5  -2.719 67.6 127.6  -0.665 148.0 59.7  -0.298 105.0 60.5  0.023 84.4 76.1  0.370 144.8 79.6 
D C  200.8 -723.4  644.3 145.2  118.3 697.5 
F 1251.112133 845.994109 -0.441233
E -0.699299 92.978483 70.957711 0.251334
W C  1037.4 114.1  1861.7 736.7  1621.6 1461.9  955.2 1258.2  519.5 835.8  234.2 1595.2 
W E  -0.176 85.2 62.5  -2.720 67.4 127.4  -0.665 147.9 59.6  -0.298 105.0 60.4  0.025 84.4 76.1  0.370 144.8 79.6 
D C  625.4 147.0  103.3 700.2 
F 1250.816883 846.013113 -0.442791
E -0.691558 92.560197 69.207614 0.225277
W C  1037.9 114.2  1861.5 736.3  1621.7 1461.6  955.1 1258.3  519.4 835.9  234.2 1595.4 
W E  -0.178 84.9 62.4  -2.720 67.2 127.2  -0.665 147.6 59.4  -0.298 105.0 60.4  0.029 84.3 76.1  0.370 144.8 79.6 
D C  153.4 -722.0  592.6 145.0  75.1 701.7 
F 1291.921427 827.337444 -0.433260
E -0.745265 93.603822 70.649375 0.244345
W C  1038.0 114.2  1861.4 736.3  1621.5 1461.7  955.2 1258.3  519.4 835.9  234.2 1595.4 
W E  -0.179 84.9 62.4  -2.721 67.1 127.1  -0.665 147.5 59.3  -0.298 105.0 60.4  0.030 84.3 76.1  0.370 144.8 79.6 
D C  548.2 148.5  25.4 704.5 
F 1331.219858 811.021056 -0.322797
E -2.363836 71.697096 95.320873 0.266878
W C  1039.3 114.0  1861.2 735.9  1621.6 1461.2  954.8 1258.7  519.0 836.2  234.2 1595.9 
W E  -0.180 84.6 62.3  -2.721 66.9 126.8  -0.664 147.3 59.2  -0.297 104.9 60.3  0.033 84.3 76.0  0.370 144.8 79.5 
D C  94.8 -727.4  530.3 145.4  6.0 704.9 
F 1366.971730 801.114196 -0.165522
E -2.377772 72.986213 97.814207 0.299851
W C  1040.5 113.8  1860.9 735.6  1621.7 1460.8  954.5 1259.1  518.7 836.6  234.3 1596.4 
W E  -0.182 84.3 62.1  -2.722 66.7 126.6  -0.664 147.1 59.1  -0.296 104.9 60.3  0.037 84.2 76.0  0.370 144.8 79.5 
D C  -17.4 -730.3  501.2 85.8  46.7 697.9 
F 1394.869514 794.498429 -0.071002
E -2.391402 73.604756 99.519596 0.296034
W C  1041.8 113.5  1860.6 735.3  1621.8 1460.4  954.1 1259.6  518.2 837.0  234.2 1596.9 
W E  -0.183 84.0 62.0  -2.721 66.5 126.4  -0.664 146.9 59.0  -0.296 104.8 60.3  0.040 84.2 76.0  0.370 144.8 79.5 
D C  -69.5 -734.5  488.2 51.5  80.8 694.3 
F 1393.742045 794.296177 -0.083329
E -2.384268 72.128962 98.931887 0.254798
W C  1042.8 113.4  1860.4 734.8  1621.7 1460.2  953.8 1259.9  517.9 837.2  234.1 1597.2 
W E  -0.185 83.7 61.9  -2.721 66.3 126.2  -0.664 146.7 58.9  -0.295 104.8 60.2  0.043 84.1 76.0  0.370 144.8 79.4 
D C  -201.2 -720.6  470.1 -31.4  163.9 665.1 
F 1425.404152 799.588714 0.109530
E -2.393630 73.007899 100.690021 0.282408
W C  1043.7 113.3  1860.2 734.5  1621.7 1460.1  953.4 1260.1  517.6 837.4  234.0 1597.4 
W E  -0.187 83.4 61.8  -2.721 66.2 126.0  -0.663 146.5 58.8  -0.295 104.8 60.2  0.045 84.1 75.9  0.370 144.7 79.4 
D C  -325.3 -689.0  438.1 -100.9  236.4 637.5 
F 1455.761356 810.495310 0.306985
E -2.404018 74.213139 102.553504 0.304486
W C  1043.3 113.4  1860.5 734.6  1621.6 1460.0  953.6 1260.1  517.7 837.4  234.1 1597.4 
W E  -0.188 83.3 61.8  -2.722 66.0 125.9  -0.663 146.4 58.7  -0.295 104.7 60.2  0.046 84.1 75.9  0.370 144.7 79.4 
D C  394.8 -176.1  312.9 586.5 
F 1483.278859 828.679354 0.521213
E -2.416780 75.299426 104.534313 0.315550
W C  1043.1 113.4  1860.8 734.5  1621.5 1459.9  953.6 1260.1  517.8 837.4  234.1 1597.4 
W E  -0.189 83.2 61.8  -2.722 65.9 125.8  -0.663 146.2 58.6  -0.295 104.7 60.2  0.047 84.0 75.9  0.370 144.7 79.4 
D C  305.4 -271.4  408.1 491.9 
F 1483.230348 829.971202 0.531707
E -2.411353 74.183858 104.093692 0.278231
W C  1043.2 113.5  1860.8 734.4  1621.4 1460.0  953.5 1260.1  517.7 837.4  234.1 1597.5 
W E  -0.190 83.2 61.8  -2.723 65.8 125.6  -0.663 146.1 58.5  -0.295 104.7 60.2  0.047 84.0 75.9  0.369 144.7 79.4 
D C  272.6 -298.5  432.8 455.2 
F 1505.986446 855.075876 0.754161
E -2.428299 75.114220 105.991531 0.292434
W C  1043.1 113.5  1861.1 734.3  1621.3 1460.0  953.6 1259.9  517.7 837.5  234.2 1597.5 
W E  -0.191 83.1 61.8  -2.723 65.7 125.5  -0.663 145.9 58.4  -0.295 104.7 60.1  0.048 84.0 75.9  0.369 144.7 79.4 
D C  197.6 -343.3  477.5 375.6  -139.4 637.0 
F 1523.010175 881.446901 0.940365
E -2.443138 75.318260 108.015825 0.293725
W C  1042.8 113.6  1861.4 734.3  1621.2 1459.9  953.7 1259.7  517.6 837.6  234.2 1597.6 
W E  -0.192 83.1 61.8  -2.724 65.6 125.4  -0.663 145.8 58.3  -0.295 104.6 60.0  0.049 84.0 75.9  0.369 144.7 79.4 
D C  121.6 -374.7  509.4 295.3  -59.8 642.2 
F 1535.293115 909.020609 1.108380
E -2.451586 75.124668 110.140007 0.293813
W C  1042.4 113.6  1862.0 734.2  1621.2 1459.9  953.8 1259.5  517.4 837.6  234.2 1597.6 
W E  -0.193 83.0 61.7  -2.724 65.4 125.3  -0.663 145.6 58.2  -0.295 104.5 59.9  0.050 84.0 75.9  0.369 144.7 79.4 
D C  44.4 -397.5  526.6 212.9  9.4 643.2 
F 1540.715705 939.171568 1.296975
E -2.452616 74.632790 112.207259 0.291863
W C  1042.1 113.6  1862.4 734.3  1621.2 1459.9  953.9 1259.3  517.2 837.7  234.2 1597.6 
W E  -0.194 82.9 61.7  -2.725 65.3 125.2  -0.663 145.5 58.1  -0.295 104.5 59.9  0.051 83.9 75.9  0.369 144.7 79.3 
D C  -79.6 -408.3  527.6 77.0  122.2 616.6 
F 1538.967727 939.386689 1.309079
E -2.457217 73.029192 111.536522 0.244530
W C  1041.9 113.6  1862.8 734.5  1621.0 1459.8  954.0 1259.1  517.0 838.2  234.1 1597.5 
W E  -0.195 82.9 61.7  -2.725 65.2 125.1  -0.663 145.3 58.0  -0.295 104.4 59.8  0.049 83.8 75.8  0.369 144.7 79.3 
D C  -117.1 -404.9  518.4 38.6  154.2 601.9  -301.8 992.1 
F 1536.052245 972.733188 1.544815
E -2.460841 73.063674 113.698908 0.275579
W C  1041.8 113.6  1862.9 734.6  1620.9 1459.8  954.2 1258.8  516.8 838.4  234.2 1597.5 
W E  -0.195 82.9 61.7  -2.725 65.1 125.0  -0.664 145.2 57.9  -0.295 104.3 59.7  0.046 83.6 75.6  0.369 144.7 79.3 
D C  484.2 -80.6  250.5 552.4  -114.8 1028.0 
F 1529.862319 1004.595190 1.730500
E -2.452761 72.562970 115.668717 0.286979
W C  1041.9 113.6  1862.8 734.5  1620.6 1460.2  954.4 1258.6  516.9 838.4  234.2 1597.5 
W E  -0.195 82.9 61.7  -2.725 65.1 125.0  -0.664 145.0 57.8  -0.295 104.3 59.6  0.042 83.4 75.5  0.369 144.6 79.3 
D C  463.7 -129.5  284.9 522.4  -45.0 1028.0 
F 1519.055048 1046.342589 1.796635
E -2.419891 71.636488 117.429678 0.268716
W C  1041.9 113.5  1862.8 734.4  1620.3 1460.5  954.6 1258.5  516.9 838.6  234.2 1597.4 
W E  -0.195 82.8 61.7  -2.725 65.1 125.0  -0.665 144.9 57.7  -0.295 104.2 59.4  0.038 83.3 75.4  0.369 144.6 79.3 
D C  417.6 -200.3  332.5 472.9  77.4 1016.9 
F 1513.592538 1046.336344 1.841201
E -2.426752 70.874142 116.839381 0.238713
W C  1041.8 113.5  1862.9 734.6  1620.4 1460.4  954.7 1258.3  516.8 838.7  234.2 1597.4 
W E  -0.195 82.8 61.7  -2.725 65.1 125.0  -0.665 144.7 57.6  -0.295 104.2 59.3  0.034 83.1 75.3  0.368 144.6 79.3 
D C  340.7 -282.7  370.5 402.0  195.8 988.2 
F 1496.959539 1088.194366 1.881343
E -2.391373 70.000846 118.412364 0.243312
W C  1041.7 113.4  1863.0 734.6  1620.3 1460.5  954.8 1258.2  516.7 838.9  234.2 1597.3 
W E  -0.195 82.8 61.7  -2.725 65.1 124.9  -0.665 144.6 57.5  -0.295 104.1 59.2  0.029 83.0 75.2  0.368 144.6 79.3 
D C  319.3 -281.9  353.5 402.9  185.7 984.8 
F 1475.428581 1129.327226 1.942083
E -2.357247 69.337452 119.722253 0.236263
W C  1041.7 113.4  1863.1 734.9  1619.8 1460.8  954.8 1257.9  516.6 838.9  235.0 1598.1 
W E  -0.195 82.8 61.7  -2.725 65.1 124.9  -0.666 144.4 57.4  -0.295 104.0 59.1  0.025 82.8 75.1  0.369 144.3 79.1 
D C  240.6 -305.9  991.3 835.3  327.0 374.9  198.7 971.5 
F 1453.910539 1168.814489 1.985787
E -0.750415 120.878458 68.868007 0.233043
W C  1041.7 113.3  1863.2 734.8  1619.2 1461.1  955.0 1257.8  516.6 838.8  235.5 1598.5 
W E  -0.195 82.8 61.7  -2.725 65.0 124.8  -0.666 144.2 57.3  -0.295 104.0 58.9  0.021 82.7 74.9  0.370 144.1 79.0 
D C  214.0 -309.4  977.9 824.1  314.1 371.6  186.3 971.4 
F 1433.098220 1206.368480 2.015156
E -0.713318 121.908720 68.546901 0.231013
W C  1041.8 113.2  1863.4 734.3  1618.6 1461.7  955.3 1257.8  516.7 838.9  235.7 1598.7 
W E  -0.195 82.8 61.7  -2.725 65.0 124.8  -0.666 144.0 57.2  -0.295 103.9 58.8  0.017 82.5 74.8  0.371 143.8 78.8 
D C  178.8 -306.2  951.2 821.8  285.9 373.9  158.4 970.3 
F 1430.595574 1206.624151 2.028694
E -0.715733 121.088108 67.504747 0.207223
W C  1041.8 113.3  1863.4 734.7  1618.4 1461.7  955.2 1257.6  516.5 838.9  236.2 1598.9 
W E  -0.195 82.8 61.7  -2.725 65.0 124.7  -0.666 143.8 57.1  -0.295 103.8 58.7  0.013 82.4 74.7  0.372 143.6 78.7 
D C  128.9 -302.7  907.0 823.3  235.7 375.3  107.0 971.2 
F 1409.458921 1245.534442 2.040843
E -0.677006 122.217733 67.195005 0.220489
W C  1041.8 113.2  1863.4 734.5  1618.0 1462.2  955.4 1257.5  516.5 839.0  236.5 1599.0 
W E  -0.195 82.8 61.7  -2.725 65.0 124.7  -0.666 143.6 57.0  -0.294 103.7 58.5  0.009 82.3 74.5  0.373 143.4 78.5 
D C  113.7 -302.3  890.0 822.9  222.3 376.8  94.9 971.5 
F 1387.961131 1284.409891 2.049853
E -0.636592 123.458329 67.069500 0.227342
W C  1041.7 113.2  1863.5 734.3  1617.7 1462.6  955.5 1257.3  516.5 839.0  236.8 1599.1 
W E  -0.195 82.8 61.7  -2.724 65.0 124.6  -0.666 143.4 56.9  -0.294 103.7 58.3  0.005 82.1 74.4  0.374 143.2 78.4 
D C  66.0 -310.7  840.0 820.9  174.6 375.8  44.1 974.0 
F 1366.773668 1321.964049 2.056221
E -0.595320 124.862632 67.060653 0.231087
W C  1041.7 113.1  1863.5 733.9  1617.5 1463.4  955.7 1257.1  516.5 839.0  237.1 1599.2 
W E  -0.195 82.8 61.7  -2.724 65.0 124.5  -0.665 143.3 56.8  -0.293 103.6 58.2  0.001 82.0 74.3  0.375 143.0 78.2 
D C  33.1 -313.4  805.3 821.5  142.7 377.7  11.2 970.1 
F 1345.828097 1357.610649 2.061791
E -0.553612 126.519100 67.159656 0.234280
W C  1041.5 112.8  1863.6 733.0  1617.4 1464.6  955.9 1256.9  516.6 838.9  237.4 1599.1 
W E  -0.195 82.7 61.6  -2.724 65.0 124.5  -0.665 143.1 56.6  -0.292 103.5 58.0  -0.003 81.9 74.1  0.375 142.7 78.1 
D C  19.5 -314.1  787.0 817.8  126.4 379.8  -3.7 969.8 
F 1345.028046 1357.620715 2.062199
E -0.553369 125.845610 65.772733 0.211257
W C  1041.5 112.8  1863.5 733.1  1617.2 1465.0  956.0 1256.5  516.5 838.9  237.7 1599.3 
W E  -0.195 82.7 61.6  -2.723 64.9 124.4  -0.665 143.0 56.5  -0.291 103.5 57.9  -0.006 81.8 74.0  0.376 142.5 78.0 
D C  -32.5 -322.0  739.6 817.2  75.5 375.2  -57.4 971.4 
F 1321.462227 1394.344912 2.129552
E -0.514821 127.739918 65.979340 0.233402
W C  1041.3 112.7  1863.5 732.6  1617.2 1466.0  956.1 1256.2  516.4 838.8  238.0 1599.2 
W E  -0.195 82.7 61.6  -2.723 64.9 124.4  -0.664 142.9 56.4  -0.290 103.4 57.7  -0.010 81.7 73.9  0.377 142.4 77.8 
D C  -47.5 -322.1  722.7 813.6  62.7 376.4  -69.6 973.6 
F 1295.604971 1429.097569 2.199209
E -0.473641 129.680566 66.711244 0.253761
W C  1041.1 112.7  1863.4 732.3  1617.2 1467.0  956.3 1255.7  516.1 838.8  238.3 1599.0 
W E  -0.195 82.7 61.6  -2.723 64.9 124.4  -0.664 142.7 56.2  -0.289 103.3 57.6  -0.009 81.6 73.8  0.377 142.2 77.7 
D C  -112.3 -327.2  725.8 768.1  37.2 368.9 
F 1266.066181 1463.311252 2.285010
E -0.432093 131.862801 67.988554 0.273724
W C  1041.1 112.7  1863.4 732.4  1617.1 1467.0  956.5 1255.7  516.1 838.9  238.3 1598.8 
W E  -0.195 82.7 61.6  -2.723 64.9 124.3  -0.664 142.6 56.2  -0.288 103.2 57.5  -0.009 81.6 73.8  0.378 142.0 77.6 
D C  737.4 716.2  29.7 360.8 
F 1265.485473 1463.892900 2.281899
E -0.436364 131.464935 67.080883 0.253157
W C  1041.0 112.7  1863.3 732.6  1616.7 1467.3  956.7 1255.4  515.9 839.0  238.7 1598.9 
W E  -0.195 82.7 61.6  -2.723 64.9 124.3  -0.664 142.5 56.2  -0.288 103.2 57.5  -0.009 81.6 73.8  0.379 141.9 77.5 
D C  749.0 659.2  21.4 352.5 
F 1232.611523 1495.009256 2.370747
E -0.393756 133.496968 68.301840 0.274329
W C  1041.0 112.7  1863.3 732.7  1616.5 1467.5  956.9 1255.3  515.8 839.0  238.9 1598.9 
W E  -0.195 82.7 61.6  -2.723 64.9 124.3  -0.664 142.4 56.2  -0.287 103.1 57.4  -0.009 81.6 73.8  0.379 141.8 77.4 
D C  758.7 612.0  13.7 349.5 
F 1197.913324 1523.617255 2.454853
E -0.348426 135.352249 69.828909 0.287431
W C  1041.0 112.7  1863.3 732.7  1616.4 1467.4  957.0 1255.4  515.8 839.0  238.9 1598.8 
W E  -0.195 82.7 61.6  -2.723 64.9 124.3  -0.664 142.3 56.2  -0.286 103.0 57.3  -0.009 81.6 73.8  0.380 141.6 77.3 
D C  758.2 585.2  7.2 348.2 
F 1161.235075 1548.655624 2.542472
E -0.302352 136.953211 71.568552 0.295193
W C  1040.9 112.7  1863.2 732.7  1616.4 1467.4  957.0 1255.5  515.8 839.0  238.9 1598.6 
W E  -0.195 82.7 61.6  -2.723 64.9 124.3  -0.664 142.2 56.2  -0.286 102.9 57.3  -0.009 81.6 73.8  0.381 141.5 77.2 
D C  770.6 508.9  -4.5 342.3 
F 1160.950051 1548.890496 2.540015
E -0.310445 136.330911 70.449189 0.270705
W C  1040.9 112.7  1863.2 732.8  1616.2 1467.5  957.2 1255.5  515.7 839.0  239.1 1598.6 
W E  -0.195 82.7 61.6  -2.723 64.9 124.3  -0.664 142.2 56.2  -0.285 102.8 57.2  -0.009 81.6 73.8  0.382 141.4 77.1 
D C  766.6 476.4  -6.5 341.0 
F 1120.923214 1570.127438 2.639500
E -0.269472 137.503301 71.486116 0.275365
W C  1040.9 112.7  1863.1 732.9  1615.9 1467.7  957.3 1255.5  515.8 838.9  239.2 1598.7 
W E  -0.195 82.7 61.6  -2.723 64.9 124.3  -0.664 142.1 56.2  -0.284 102.7 57.1  -0.012 81.5 73.6  0.382 141.2 77.0 
D C  760.5 392.3  151.5 927.9  -23.1 337.4 
F 1079.769602 1586.757058 2.785808
E -0.229711 138.478279 72.591827 0.292978
W C  1040.8 112.7  1863.1 732.9  1615.7 1467.8  957.3 1255.7  516.1 838.7  239.3 1598.7 
W E  -0.195 82.7 61.6  -2.722 64.9 124.2  -0.664 142.0 56.2  -0.284 102.6 57.0  -0.016 81.4 73.5  0.382 141.1 76.9 
D C  755.6 338.4  180.4 910.6  -30.4 337.6 
F 1039.151676 1599.318424 2.909857
E -0.190343 138.825743 73.662971 0.299035
W C  1040.7 112.7  1863.0 732.8  1615.6 1467.6  957.2 1256.1  516.4 838.5  239.2 1598.5 
W E  -0.195 82.7 61.6  -2.722 64.9 124.2  -0.664 141.9 56.2  -0.284 102.5 57.0  -0.020 81.3 73.3  0.383 140.9 76.7 
D C  757.7 290.3  220.0 892.9  -24.9 334.6 
F 999.556920 1605.920364 3.018358
E -0.155317 138.549501 74.526552 0.292041
W C  1040.7 112.7  1863.0 732.7  1615.7 1467.5  957.2 1256.3  516.6 838.5  239.1 1598.3 
W E  -0.195 82.7 61.6  -2.722 64.9 124.2  -0.664 141.8 56.2  -0.284 102.3 56.9  -0.023 81.2 73.2  0.383 140.8 76.6 
D C  753.6 172.2  303.5 850.2  -19.5 330.7 
F 998.681090 1606.021543 3.012488
E -0.167624 137.747050 72.922020 0.258066
W C  1040.7 112.7  1863.0 732.7  1615.4 1467.7  957.4 1256.3  516.7 838.4  239.0 1598.3 
W E  -0.195 82.7 61.6  -2.722 64.9 124.2  -0.664 141.8 56.2  -0.284 102.2 56.9  -0.026 81.1 73.0  0.383 140.6 76.4 
D C  738.4 98.5  347.6 819.4  -20.3 325.7 
F 957.467196 1605.476304 -3.149178
E -0.133014 137.208027 73.592338 0.269946
W C  1040.6 112.7  1862.9 732.7  1615.3 1467.7  957.5 1256.3  516.8 838.4  238.9 1598.2 
W E  -0.195 82.7 61.6  -2.722 64.9 124.2  -0.664 141.7 56.2  -0.284 102.1 56.8  -0.029 81.0 72.9  0.384 140.5 76.3 
D C  717.3 27.0  393.3 776.9  -18.0 321.5 
F 917.575276 1600.751933 -3.032138
E -0.100589 136.267946 74.292258 0.274832
W C  1040.6 112.7  1862.9 732.7  1615.2 1467.7  957.5 1256.5  517.0 838.4  238.7 1598.1 
W E  -0.195 82.7 61.6  -2.722 64.9 124.2  -0.664 141.7 56.2  -0.284 102.0 56.8  -0.032 80.9 72.7  0.384 140.3 76.2 
D C  686.3 -48.0  429.1 732.3  -16.8 318.1 
F 878.813741 1593.737420 -2.925584
E -0.068887 134.990952 75.070042 0.279076
W C  1040.6 112.7  1862.9 732.5  1615.4 1467.5  957.3 1256.7  517.3 838.4  238.4 1597.9 
W E  -0.195 82.7 61.6  -2.722 64.9 124.2  -0.664 141.6 56.2  -0.285 101.9 56.7  -0.034 80.9 72.5  0.384 140.2 76.0 
D C  674.1 -78.4  446.2 710.7  -17.8 317.5 
F 838.388781 1581.488662 -2.865403
E -0.038900 133.360221 75.871331 0.268755
W C  1040.7 112.7  1862.9 732.5  1615.5 1467.3  957.2 1256.8  517.4 838.4  238.0 1597.8 
W E  -0.195 82.7 61.6  -2.722 64.9 124.2  -0.664 141.6 56.2  -0.285 101.8 56.6  -0.036 80.8 72.4  0.384 140.0 75.8 
D C  609.6 -186.5  504.6 627.4  -14.5 310.6 
F 837.874329 1577.577508 -2.844733
E -0.049853 132.673454 73.531682 0.233964
W C  1040.3 113.0  1863.0 732.3  1615.5 1467.2  957.6 1256.6  517.7 838.2  237.8 1597.5 
W E  -0.192 82.5 61.5  -2.722 64.9 124.2  -0.664 141.5 56.1  -0.286 101.7 56.5  -0.035 80.7 72.2  0.384 139.9 75.6 
D C  563.9 -251.5  530.6 579.1  277.6 1401.2  -14.4 307.3 
F 795.419914 1560.564971 -2.818680
E -0.017536 131.026180 74.306168 0.243846
W C  1040.4 113.0  1863.0 732.3  1615.5 1467.2  957.7 1256.5  517.7 838.1  237.5 1597.7 
W E  -0.192 82.5 61.5  -2.722 64.9 124.2  -0.664 141.5 56.1  -0.286 101.7 56.5  -0.037 80.6 72.0  0.384 139.8 75.4 
D C  514.5 -280.6  518.6 548.9  -35.7 302.6 
F 754.241761 1541.278340 -2.782532
E 0.013498 129.473109 75.125155 0.248543
W C  1040.5 113.0  1863.0 732.2  1615.5 1467.2  957.7 1256.4  517.7 838.0  237.3 1598.0 
W E  -0.192 82.5 61.5  -2.722 64.9 124.2  -0.664 141.5 56.1  -0.287 101.6 56.4  -0.037 80.5 71.9  0.384 139.6 75.3 
D C  462.0 -312.3  514.2 521.3  -55.7 302.8 
F 714.109070 1519.944638 -2.747398
E 0.046895 128.251960 75.517821 0.245483
W C  1040.0 113.2  1863.1 732.1  1615.7 1467.1  958.5 1256.4  517.7 837.6  236.9 1597.6 
W E  -0.189 82.4 61.4  -2.722 64.9 124.1  -0.664 141.4 56.1  -0.287 101.5 56.3  -0.034 80.4 71.7  0.384 139.5 75.0 
D C  438.5 -324.7  505.4 512.4  343.0 1356.1 
F 713.759700 1516.540972 -2.730234
E 0.041048 127.894285 74.023013 0.227297
W C  1040.1 113.2  1863.1 732.1  1615.5 1467.2  958.6 1256.3  517.8 837.5  236.6 1597.9 
W E  -0.189 82.4 61.4  -2.722 64.9 124.1  -0.664 141.4 56.1  -0.287 101.5 56.3  -0.034 80.3 71.6  0.385 139.4 74.8 
D C  383.7 -330.5  458.1 506.2 
F 673.234529 1495.135507 -2.709812
E 0.075749 126.642771 74.453327 0.235924
W C  1039.8 113.4  1863.2 731.9  1615.6 1467.0  958.9 1256.2  517.9 837.2  236.4 1597.8 
W E  -0.186 82.2 61.3  -2.722 64.9 124.1  -0.664 141.3 56.1  -0.287 101.5 56.3  -0.030 80.2 71.4  0.385 139.3 74.6 
D C  366.5 -329.6  439.9 510.8  282.2 1358.8 
F 633.659172 1473.812929 -2.695683
E 0.108713 125.444516 74.863219 0.239191
W C  1039.7 113.7  1863.2 731.7  1615.7 1466.9  959.1 1256.0  518.1 836.9  236.3 1597.8 
W E  -0.183 82.1 61.2  -2.722 64.9 124.0  -0.664 141.2 56.1  -0.287 101.4 56.2  -0.027 80.1 71.2  0.384 139.2 74.3 
D C  314.1 -329.4  389.6 509.6  234.2 1355.6 
F 593.829396 1453.002086 -2.686687
E 0.138786 124.323798 75.850741 0.250657
W C  1039.8 113.6  1863.2 731.7  1615.8 1466.8  959.2 1256.0  518.1 836.8  236.0 1597.9 
W E  -0.183 82.1 61.2  -2.722 64.9 124.0  -0.664 141.2 56.1  -0.287 101.4 56.2  -0.026 80.0 71.1  0.384 139.1 74.2 
D C  281.4 -334.0  358.1 509.2 
F 555.499954 1432.654355 -2.679540
E 0.170865 123.174153 76.484714 0.247402
W C  1039.6 113.8  1863.3 731.4  1616.2 1466.5  959.6 1256.0  518.0 836.7  235.6 1597.6 
W E  -0.180 81.9 61.1  -2.722 64.9 123.9  -0.664 141.1 56.1  -0.287 101.3 56.2  -0.022 79.9 70.9  0.384 138.9 73.9 
D C  264.3 -331.8  342.2 513.0  188.3 1362.5 
F 555.276375 1431.369683 -2.674408
E 0.166273 122.584781 75.173334 0.229343
W C  1039.6 113.8  1863.3 731.5  1616.0 1466.6  959.5 1256.0  518.2 836.6  235.4 1597.9 
W E  -0.180 81.9 61.1  -2.722 64.9 123.9  -0.664 141.1 56.1  -0.287 101.3 56.1  -0.021 79.8 70.8  0.384 138.8 73.8 
D C  211.3 -333.1  291.9 512.5 
F 514.882811 1410.097073 -2.670754
E 0.196495 121.539620 76.430245 0.246291
W C  1039.7 113.7  1863.2 731.6  1615.8 1466.7  959.4 1255.9  518.4 836.5  235.3 1598.1 
W E  -0.180 81.9 61.1  -2.722 64.9 123.9  -0.664 141.0 56.1  -0.287 101.3 56.1  -0.020 79.7 70.6  0.384 138.7 73.7 
D C  162.4 -332.1  238.8 514.0 
F 476.430934 1388.346635 -2.609367
E 0.226471 120.496378 78.172313 0.263733
W C  1039.7 113.7  1863.3 731.5  1616.0 1466.5  959.5 1255.9  518.6 836.5  234.5 1598.1 
W E  -0.180 81.9 61.1  -2.722 64.9 123.9  -0.664 141.0 56.1  -0.288 101.3 56.1  -0.020 79.7 70.5  0.384 138.6 73.6 
D C  143.5 -331.4  221.4 517.6 
F 439.958195 1366.798906 -2.556793
E 0.261551 119.245944 79.637017 0.263769
W C  1039.8 113.8  1863.4 731.1  1616.4 1466.0  959.9 1255.7  518.7 836.5  233.5 1598.1 
W E  -0.177 81.7 61.0  -2.721 64.8 123.9  -0.664 140.9 56.1  -0.288 101.2 56.1  -0.018 79.5 70.4  0.384 138.4 73.3 
D C  109.7 -338.3  205.5 510.3  87.2 1366.9 
F 439.644439 1366.440000 -2.561023
E 0.262960 118.428918 78.046504 0.235706
W C  1039.7 114.0  1863.4 731.0  1616.4 1465.9  959.9 1255.5  518.9 836.3  233.2 1598.1 
W E  -0.174 81.6 61.0  -2.721 64.8 123.8  -0.664 140.8 56.1  -0.287 101.2 56.0  -0.015 79.4 70.2  0.384 138.3 73.2 
D C  51.7 -354.2  204.8 495.6  152.2 1344.3 
F 405.288576 1339.004251 -2.479310
E 0.304088 117.199613 79.620137 0.252186
W C  1039.6 114.2  1863.5 730.8  1616.6 1465.7  960.1 1255.4  519.2 836.2  232.6 1598.1 
W E  -0.171 81.4 60.9  -2.721 64.8 123.8  -0.664 140.8 56.1  -0.287 101.1 56.0  -0.014 79.2 70.1  0.384 138.1 73.0 
D C  -2.0 -366.8  201.7 479.7  201.0 1334.0 
F 372.784186 1307.828565 -2.394906
E 0.348735 115.843034 81.519077 0.262243
W C  1039.5 114.3  1863.5 730.7  1616.7 1465.5  960.3 1255.2  519.6 836.1  231.9 1598.0 
W E  -0.168 81.2 60.8  -2.721 64.8 123.8  -0.664 140.7 56.1  -0.287 101.1 56.0  -0.013 79.1 70.0  0.384 137.9 72.8 
D C  -89.3 -367.3  193.6 452.6  287.5 1303.5 
F 344.050102 1276.583921 -2.324015
E 0.389034 114.454248 84.427429 0.281010
W C  1039.5 114.2  1863.6 730.6  1616.9 1465.3  960.5 1255.2  520.0 836.0  230.5 1598.0 
W E  -0.168 81.2 60.8  -2.721 64.8 123.8  -0.664 140.7 56.1  -0.287 101.1 56.0  -0.014 79.1 69.9  0.384 137.8 72.7 
D C  -114.9 -367.4  192.3 445.6 
F 343.635594 1276.716222 -2.326627
E 0.399169 114.085621 83.820731 0.268460
W C  1039.4 114.2  1863.6 730.6  1616.8 1465.4  960.4 1255.2  520.0 836.0  230.4 1598.0 
W E  -0.168 81.2 60.8  -2.721 64.8 123.8  -0.664 140.7 56.1  -0.287 101.1 56.0  -0.015 79.0 69.8  0.384 137.8 72.6 
D C  188.6 433.5 
F 316.878507 1240.030873 -2.182085
E 0.463317 113.052437 86.844742 0.297758
W C  1039.3 114.2  1863.7 730.7  1616.7 1465.4  960.4 1255.1  520.1 836.1  230.5 1598.0 
W E  -0.168 81.2 60.8  -2.722 64.7 123.7  -0.664 140.7 56.1  -0.287 101.1 56.0  -0.018 78.9 69.7  0.383 137.7 72.6 
D C  180.2 421.1  -535.6 1553.0 
F 295.695637 1200.920148 -2.030720
E 0.532663 111.685685 89.894209 0.317573
W C  1039.1 114.1  1863.7 730.9  1616.6 1465.5  960.3 1255.0  520.2 836.3  230.7 1597.9 
W E  -0.168 81.2 60.8  -2.724 64.6 123.6  -0.664 140.7 56.1  -0.287 101.1 56.0  -0.021 78.8 69.5  0.383 137.7 72.5 
D C  191.5 396.3  -394.3 1589.8 
F 278.841223 1163.120555 -1.918606
E 0.598218 109.898957 92.534763 0.320353
W C  1039.0 114.1  1863.7 731.1  1616.6 1465.5  960.3 1254.9  520.2 836.4  230.9 1597.8 
W E  -0.168 81.2 60.8  -2.725 64.5 123.5  -0.664 140.7 56.1  -0.287 101.1 56.0  -0.025 78.7 69.4  0.382 137.6 72.5 
D C  195.4 385.9  -341.6 1607.4 
F 266.449525 1123.804959 -1.834288
E 0.663385 107.824850 94.916001 0.312758
W C  1038.9 114.1  1863.7 731.2  1616.6 1465.5  960.3 1254.9  520.3 836.5  231.0 1597.8 
W E  -0.168 81.2 60.8  -2.726 64.4 123.4  -0.664 140.6 56.1  -0.288 101.1 55.9  -0.030 78.6 69.3  0.382 137.6 72.4 
D C  197.8 352.4  -152.7 1641.1 
F 266.037934 1123.816882 -1.837128
E 0.683853 107.487046 94.187784 0.297406
W C  1038.9 114.1  1863.7 731.2  1616.6 1465.5  960.3 1254.9  520.3 836.6  231.0 1597.7 
W E  -0.168 81.2 60.8  -2.726 64.4 123.4  -0.664 140.6 56.1  -0.288 101.1 55.9  -0.032 78.6 69.2  0.381 137.5 72.4 
D C  201.8 323.6 
F 256.753646 1079.221816 -1.817478
E 2.362866 96.764051 105.264138 0.295008
W C  1039.0 114.1  1863.6 731.1  1616.5 1465.6  960.3 1254.9  520.5 836.5  230.8 1597.7 
W E  -0.168 81.2 60.8  -2.727 64.3 123.4  -0.664 140.6 56.1  -0.288 101.1 55.9  -0.037 78.5 69.0  0.380 137.5 72.3 
D C  186.7 307.7  73.9 1631.5 
F 249.570583 1035.051726 -1.791871
E 2.614791 99.142304 103.469946 0.293614
W C  1039.0 114.1  1863.5 731.1  1616.4 1465.6  960.2 1254.9  520.7 836.4  230.7 1597.7 
W E  -0.168 81.2 60.8  -2.729 64.2 123.3  -0.664 140.6 56.1  -0.288 101.1 55.9  -0.042 78.4 68.8  0.380 137.4 72.3 
D C  156.7 300.3  108.7 1625.6 
F 246.218226 990.093595 -1.701317
E 3.023867 98.915598 102.277487 0.280814
W C  1038.7 114.2  1863.7 731.1  1616.4 1465.7  960.2 1255.0  520.8 836.1  230.7 1597.9 
W E  -0.166 80.9 60.7  -2.729 64.1 123.2  -0.664 140.6 56.0  -0.287 101.0 55.9  -0.049 78.2 68.6  0.378 137.3 72.1 
D C  777.9 870.3  142.8 297.7  130.5 1647.7 
F 243.582304 945.694780 -1.620927
E -2.865513 97.612741 101.831931 0.277484
W C  1038.7 114.3  1863.7 730.9  1616.5 1465.6  960.2 1254.9  520.8 836.0  230.7 1597.8 
W E  -0.164 80.7 60.7  -2.730 64.0 123.1  -0.664 140.6 56.0  -0.287 101.0 55.9  -0.056 78.0 68.3  0.376 137.2 71.9 
D C  744.5 853.8  91.7 296.6  109.0 1630.4 
F 243.892377 944.032827 -1.622667
E -3.044700 96.627349 100.161295 0.258399
W C  1038.3 114.4  1863.8 730.8  1616.5 1465.5  960.3 1254.8  521.3 836.3  230.5 1597.2 
W E  -0.162 80.5 60.6  -2.730 64.0 123.1  -0.664 140.5 56.0  -0.287 101.0 55.9  -0.059 77.9 68.1  0.375 137.1 71.8 
D C  769.1 794.2  75.3 286.5 
F 246.922373 897.709326 -1.526836
E -2.644004 95.181555 100.667026 0.281676
W C  1038.1 114.5  1863.9 730.7  1616.5 1465.4  960.4 1254.7  521.5 836.6  230.3 1596.7 
W E  -0.160 80.4 60.5  -2.730 64.0 123.1  -0.664 140.5 56.0  -0.287 101.0 55.9  -0.060 77.8 67.8  0.374 137.0 71.7 
D C  796.1 731.6  59.8 275.2 
F 253.719049 851.895123 -1.436756
E -2.432922 93.267164 101.510397 0.296044
W C  1037.9 114.6  1864.0 730.6  1616.6 1465.3  960.4 1254.5  521.7 836.8  230.2 1596.4 
W E  -0.157 80.2 60.5  -2.730 64.0 123.1  -0.664 140.5 56.0  -0.287 101.0 55.9  -0.060 77.7 67.5  0.373 136.9 71.5 
D C  798.9 673.2  39.8 269.8 
F 263.131729 808.831750 -1.354818
E -0.746012 101.677318 91.126656 0.289778
W C  1037.9 114.7  1864.0 730.5  1616.4 1465.2  960.5 1254.6  521.7 836.7  230.4 1596.5 
W E  -0.155 80.0 60.4  -2.730 64.0 123.0  -0.664 140.4 55.9  -0.287 100.9 55.9  -0.059 77.6 67.2  0.371 136.8 71.4 
D C  806.7 646.7  27.1 268.4  -373.5 1413.0 
F 265.050601 806.147789 -1.353235
E -2.359193 90.568799 98.219794 0.258803
W C  1037.8 114.7  1864.0 730.4  1616.4 1465.1  960.6 1254.4  522.0 837.4  230.0 1595.7 
W E  -0.153 79.9 60.3  -2.731 63.9 123.0  -0.664 140.4 55.9  -0.286 100.9 55.8  -0.056 77.4 66.9  0.370 136.8 71.3 
D C  816.6 568.6  474.0 1516.4  -0.2 265.4 
F 280.719589 761.494100 -1.259971
E -0.668075 99.512535 88.620719 0.285880
W C  1038.1 114.6  1864.1 730.2  1616.4 1465.1  960.5 1254.3  521.9 838.2  229.7 1595.2 
W E  -0.153 79.8 60.3  -2.732 63.8 122.9  -0.664 140.4 55.9  -0.286 100.9 55.8  -0.052 77.4 66.7  0.370 136.7 71.3 
D C  572.4 1473.6  -29.0 267.1 
F 298.577957 720.788501 -1.169200
E -0.620724 99.744941 87.048722 0.287082
W C  1038.0 114.7  1864.1 730.1  1616.5 1465.0  960.6 1254.2  522.0 838.1  229.8 1595.1 
W E  -0.151 79.6 60.3  -2.733 63.7 122.8  -0.664 140.4 55.9  -0.286 100.9 55.8  -0.051 77.3 66.6  0.369 136.7 71.2 
D C  817.8 457.5  599.2 1437.2 
F 319.756801 680.833797 -1.081052
E -0.582590 99.938885 85.701560 0.288231
W C  1037.9 114.8  1864.0 730.1  1616.5 1464.9  960.7 1254.2  522.0 837.9  229.9 1595.2 
W E  -0.150 79.5 60.2  -2.733 63.5 122.8  -0.664 140.4 55.9  -0.286 100.9 55.8  -0.049 77.2 66.5  0.369 136.7 71.2 
D C  813.0 394.5  662.2 1391.8 
F 342.465763 644.055303 -1.000492
E -0.554185 99.908853 84.575832 0.286415
W C  1037.9 114.9  1864.0 730.0  1616.6 1464.9  960.7 1254.2  522.0 837.7  230.0 1595.2 
W E  -0.149 79.3 60.2  -2.734 63.4 122.7  -0.664 140.4 55.9  -0.286 100.9 55.8  -0.047 77.1 66.5  0.369 136.7 71.1 
D C  801.2 338.3  710.7 1352.0 
F 344.402818 643.835040 -0.994429
E -0.626734 97.863827 83.550469 0.248435
W C  1037.8 115.1  1864.0 729.9  1616.6 1464.6  960.8 1254.1  522.3 837.8  230.0 1595.1 
W E  -0.148 79.1 60.1  -2.734 63.3 122.6  -0.664 140.3 55.8  -0.286 100.9 55.8  -0.046 77.1 66.4  0.369 136.7 71.1 
D C  783.6 281.0  764.5 1295.6  35.1 1477.0 
F 374.445609 608.751568 -0.896928
E -0.611559 97.878778 81.913218 0.255339
W C  1037.8 115.3  1864.0 729.8  1616.5 1464.4  960.9 1254.1  522.5 837.8  230.1 1595.0 
W E  -0.148 78.9 60.0  -2.735 63.2 122.6  -0.664 140.3 55.7  -0.286 100.9 55.8  -0.046 77.0 66.4  0.369 136.7 71.1 
D C  764.5 209.6  833.2 1216.3  116.1 1466.2 
F 405.216735 575.819542 -0.816898
E -0.593587 97.742632 80.062643 0.250500
W C  1037.8 115.4  1864.1 729.7  1616.4 1464.2  960.7 1253.9  522.7 837.9  230.2 1595.1 
W E  -0.148 78.8 60.0  -2.735 63.1 122.5  -0.664 140.2 55.7  -0.286 100.8 55.7  -0.046 76.9 66.3  0.369 136.6 71.0 
D C  750.4 188.6  850.1 1201.2  138.7 1465.5  -131.7 814.5 
F 437.843178 545.665093 -0.740654
E -0.573747 97.483794 78.291996 0.247272
W C  1037.9 115.6  1864.1 729.6  1616.3 1464.0  960.6 1253.8  522.8 838.1  230.3 1595.2 
W E  -0.148 78.6 59.9  -2.735 63.0 122.4  -0.664 140.2 55.6  -0.285 100.8 55.7  -0.046 76.8 66.2  0.368 136.6 71.0 
D C  727.1 133.6  899.2 1132.4  210.0 1454.1  -106.8 819.3 
F 439.343996 546.030696 -0.736687
E -0.610529 96.142533 77.006713 0.218033
W C  1037.9 115.8  1864.2 729.5  1616.3 1463.8  960.5 1253.5  523.0 838.2  230.5 1595.3 
W E  -0.148 78.4 59.8  -2.736 62.9 122.4  -0.664 140.2 55.5  -0.285 100.7 55.6  -0.046 76.8 66.1  0.368 136.6 70.9 
D C  698.3 82.3  944.5 1076.4  270.3 1433.5  -82.0 825.8 
F 475.930047 519.746065 -0.645506
E -0.583900 95.911283 75.197830 0.233356
W C  1037.9 115.9  1864.3 729.3  1616.3 1463.6  960.5 1253.3  523.2 838.3  230.6 1595.3 
W E  -0.149 78.3 59.7  -2.736 62.8 122.3  -0.664 140.1 55.4  -0.285 100.7 55.5  -0.046 76.7 66.1  0.368 136.6 70.9 
D C  666.6 37.4  967.4 1005.2  325.5 1413.6  -64.3 828.6 
F 514.821368 496.558188 -0.555178
E -0.556843 95.553225 73.581629 0.239779
W C  1037.9 116.1  1864.3 729.2  1616.3 1463.3  960.5 1253.1  523.4 838.4  230.7 1595.3 
W E  -0.149 78.1 59.6  -2.736 62.6 122.2  -0.663 140.1 55.3  -0.285 100.7 55.5  -0.046 76.7 66.0  0.368 136.6 70.9 
D C  622.5 -24.4  1014.1 914.9  411.7 1376.0  -33.9 834.3 
F 553.870826 475.869667 -0.479322
E -0.531428 95.068220 72.147885 0.241702
W C  1038.1 116.3  1864.3 729.0  1616.3 1463.1  960.4 1252.9  523.4 838.6  230.9 1595.5 
W E  -0.150 78.0 59.5  -2.736 62.5 122.2  -0.663 140.0 55.2  -0.285 100.6 55.4  -0.046 76.6 66.0  0.368 136.6 70.9 
D C  604.6 -51.6  1023.5 862.5  449.3 1363.5  -13.3 827.0 
F 592.948229 458.035854 -0.408432
E -0.509848 94.488440 70.871738 0.241348
W C  1038.4 116.5  1864.3 728.8  1616.3 1462.9  960.4 1252.6  523.3 838.7  231.0 1595.7 
W E  -0.151 77.8 59.4  -2.736 62.4 122.1  -0.663 140.0 55.1  -0.284 100.6 55.3  -0.045 76.6 65.9  0.368 136.6 70.8 
D C  568.7 -89.3  1040.7 798.1  498.2 1330.7  -0.6 831.2 
F 593.830695 458.666388 -0.404800
E -0.531653 93.384092 69.458580 0.213344
W C  1038.5 116.7  1864.3 728.7  1616.4 1462.6  960.4 1252.4  523.4 838.8  231.2 1595.7 
W E  -0.152 77.7 59.3  -2.736 62.3 122.0  -0.663 140.0 55.0  -0.284 100.6 55.3  -0.045 76.5 65.9  0.368 136.6 70.8 
D C  527.9 -130.1  1061.6 724.8  555.9 1288.5  29.9 827.4 
F 636.262598 444.845986 -0.338690
E -0.508186 92.770665 68.228046 0.225466
W C  1038.7 117.0  1864.3 728.5  1616.4 1462.4  960.4 1252.2  523.3 838.9  231.3 1595.8 
W E  -0.154 77.5 59.2  -2.736 62.2 121.9  -0.663 139.9 54.9  -0.284 100.5 55.2  -0.045 76.5 65.8  0.367 136.5 70.8 
D C  489.8 -161.4  1074.0 658.4  599.7 1250.5  49.9 822.7 
F 680.296289 433.047421 -0.315918
E -0.490117 92.077792 67.245878 0.227245
W C  1038.8 117.1  1864.3 728.3  1616.4 1462.2  960.4 1252.0  523.4 839.0  231.4 1595.9 
W E  -0.156 77.3 59.1  -2.736 62.1 121.9  -0.663 139.9 54.8  -0.284 100.5 55.1  -0.045 76.5 65.8  0.367 136.5 70.8 
D C  424.9 -203.8  1063.6 573.7  634.1 1206.3  54.5 815.3 
F 723.000790 421.721782 -0.298045
E -0.478295 91.395082 66.471414 0.227614
W C  1039.0 117.4  1864.3 728.1  1616.5 1462.0  960.4 1251.8  523.2 839.1  231.6 1596.0 
W E  -0.158 77.2 59.0  -2.736 62.0 121.8  -0.662 139.8 54.7  -0.283 100.5 55.1  -0.044 76.4 65.7  0.367 136.5 70.7 
D C  408.4 -202.0  1043.3 583.6  616.2 1207.9  36.9 814.5 
F 723.730523 422.917552 -0.290981
E -0.493299 90.360428 65.020777 0.203726
W C  1039.1 117.5  1864.3 728.0  1616.6 1461.8  960.4 1251.6  523.2 839.2  231.7 1596.1 
W E  -0.161 77.0 58.9  -2.736 61.8 121.7  -0.662 139.8 54.7  -0.283 100.4 55.0  -0.044 76.4 65.7  0.367 136.5 70.7 
D C  380.0 -201.3  1007.7 584.2  584.3 1208.8  4.4 815.2 
F 767.080403 411.170277 -0.285531
E -0.467662 90.354804 65.222089 0.225242
W C  1039.4 117.7  1864.2 727.8  1616.6 1461.6  960.4 1251.4  523.3 839.3  231.8 1596.2 
W E  -0.163 77.0 58.8  -2.736 61.7 121.7  -0.662 139.7 54.6  -0.283 100.4 54.9  -0.044 76.4 65.7  0.367 136.5 70.7 
D C  962.2 581.7  529.8 1207.7  -43.5 821.1 
F 809.397715 399.641811 -0.278572
E -0.467553 89.602546 64.852711 0.225809
W C  1039.7 117.9  1864.2 727.5  1616.6 1461.3  960.4 1251.2  523.1 839.3  232.0 1596.3 
W E  -0.166 76.8 58.7  -2.736 61.6 121.6  -0.662 139.7 54.5  -0.283 100.4 54.9  -0.044 76.4 65.6  0.367 136.5 70.7 
D C  314.8 -199.0  943.1 578.1  513.7 1211.2  -58.9 823.9 
F 851.752050 387.954044 -0.277868
E -0.475338 88.811796 64.689554 0.225802
W C  1040.1 118.2  1864.1 727.2  1616.7 1461.0  960.5 1251.0  523.0 839.4  232.1 1596.5 
W E  -0.171 76.6 58.6  -2.735 61.5 121.5  -0.661 139.6 54.4  -0.282 100.3 54.8  -0.043 76.3 65.6  0.367 136.5 70.7 
D C  265.7 -198.0  891.4 580.9  465.3 1208.9  -108.0 828.4 
F 895.094850 377.185740 -0.266830
E -0.456675 88.884721 66.138169 0.237808
W C  1040.1 118.3  1864.1 727.2  1616.8 1460.9  960.5 1250.8  522.9 839.4  232.2 1596.6 
W E  -0.173 76.5 58.5  -2.736 61.4 121.4  -0.661 139.6 54.3  -0.282 100.3 54.8  -0.043 76.3 65.6  0.367 136.4 70.6 
D C  869.8 582.1  451.0 1216.1  -123.8 830.4 
F 895.599865 377.529665 -0.267007
E -0.452714 88.460461 65.177243 0.217678
W C  1040.3 118.4  1864.0 727.1  1616.7 1460.7  960.5 1250.8  522.9 839.5  232.3 1596.6 
W E  -0.175 76.5 58.5  -2.736 61.3 121.4  -0.661 139.6 54.2  -0.282 100.3 54.7  -0.043 76.3 65.5  0.367 136.4 70.6 
D C  819.7 578.2  395.0 1211.1  -171.4 832.0 
F 940.004339 368.295600 -0.197680
E -0.428084 88.731750 66.875518 0.240968
W C  1040.4 118.4  1863.9 727.3  1616.6 1460.7  960.5 1250.7  523.0 839.6  232.3 1596.6 
W E  -0.177 76.4 58.5  -2.736 61.2 121.4  -0.661 139.6 54.2  -0.282 100.3 54.7  -0.043 76.3 65.5  0.367 136.4 70.6 
D C  786.8 577.0  369.8 1208.9  -199.2 836.0 
F 983.329065 361.650266 -0.128745
E -0.403516 88.919770 68.933243 0.253055
W C  1040.3 118.3  1864.0 727.5  1616.6 1460.7  960.5 1250.5  523.1 839.7  232.4 1596.7 
W E  -0.179 76.4 58.4  -2.736 61.2 121.3  -0.661 139.5 54.1  -0.282 100.3 54.6  -0.043 76.3 65.5  0.366 136.4 70.6 
D C  791.9 547.7  397.6 1194.2  -178.9 841.8 
F 1027.791927 357.981326 -0.056419
E -0.380864 89.047162 71.353877 0.260344
W C  1040.1 118.3  1864.0 727.6  1616.5 1460.7  960.5 1250.4  523.1 839.8  232.4 1596.8 
W E  -0.180 76.3 58.4  -2.736 61.1 121.3  -0.661 139.5 54.0  -0.282 100.3 54.6  -0.043 76.3 65.5  0.366 136.4 70.6 
D C  800.5 487.3  456.3 1164.3  -151.4 853.1 
F 1027.818099 357.527164 -0.062052
E -0.381695 88.717807 69.998633 0.233927
W C  1040.2 118.3  1864.0 727.7  1616.5 1460.7  960.6 1250.3  523.1 839.9  232.5 1596.8 
W E  -0.181 76.3 58.4  -2.737 61.0 121.2  -0.661 139.5 54.0  -0.282 100.2 54.5  -0.043 76.3 65.5  0.366 136.4 70.6 
D C  792.5 440.1  486.3 1136.8  -131.6 864.4 
F 1073.023258 359.607577 0.029226
E -0.359519 88.737883 72.416652 0.250767
W C  1040.2 118.4  1863.9 727.7  1616.5 1460.6  960.6 1250.3  523.1 839.9  232.5 1596.8 
W E  -0.183 76.2 58.4  -2.737 61.0 121.2  -0.660 139.5 53.9  -0.282 100.2 54.5  -0.043 76.3 65.5  0.366 136.4 70.6 
D C  783.9 354.0  551.8 1073.5  -89.2 871.4 
F 1117.314079 363.700994 0.084605
E -0.351013 88.564664 74.960194 0.254010
W C  1040.2 118.4  1863.9 727.8  1616.5 1460.6  960.7 1250.2  523.1 840.0  232.6 1596.9 
W E  -0.184 76.2 58.4  -2.737 60.9 121.2  -0.660 139.5 53.8  -0.281 100.2 54.4  -0.043 76.3 65.5  0.366 136.4 70.6 
D C  773.2 321.0  577.4 1051.0  -73.1 872.3 
F 1161.621238 370.075050 0.101227
E -0.356688 88.365000 77.631694 0.252633
W C  1040.1 118.4  1863.9 727.9  1616.5 1460.6  960.7 1250.1  523.1 840.0  232.6 1596.9 
W E  -0.185 76.2 58.3  -2.737 60.8 121.1  -0.660 139.4 53.8  -0.281 100.2 54.4  -0.043 76.3 65.5  0.366 136.4 70.6 
D C  760.3 264.8  611.3 1007.6  -49.1 875.8 
F 1205.404244 376.703697 0.117163
E -0.385121 88.228710 80.308271 0.251246
W C  1040.0 118.4  1864.0 728.0  1616.5 1460.6  960.8 1250.1  523.0 839.9  232.6 1596.9 
W E  -0.186 76.1 58.3  -2.737 60.8 121.1  -0.660 139.4 53.7  -0.281 100.2 54.3  -0.043 76.3 65.4  0.366 136.4 70.6 
D C  717.7 259.9  567.3 1010.5  -90.0 879.8 
F 1205.299273 377.627055 0.122692
E -0.364057 87.807643 78.844682 0.227196
W C  1040.0 118.4  1863.9 728.0  1616.5 1460.6  960.8 1250.0  523.0 840.0  232.6 1596.9 
W E  -0.187 76.1 58.3  -2.738 60.7 121.0  -0.660 139.4 53.7  -0.281 100.1 54.3  -0.043 76.3 65.4  0.366 136.4 70.6 
D C  700.2 258.4  553.8 1008.0  -106.8 882.8 
F 1249.602218 383.578863 0.125288
E -0.411827 87.709425 81.510106 0.238186
W C  1040.0 118.4  1863.9 728.1  1616.5 1460.6  960.9 1250.0  523.0 840.0  232.7 1596.9 
W E  -0.188 76.0 58.3  -2.738 60.7 121.0  -0.660 139.4 53.6  -0.281 100.1 54.3  -0.043 76.3 65.4  0.366 136.4 70.6 
D C  647.3 264.1  502.1 1014.8  -159.5 883.0 
F 1293.545278 390.048591 0.130959
E -0.564936 87.801249 84.186490 0.244052
W C  1039.9 118.4  1863.9 728.2  1616.5 1460.6  960.9 1249.9  523.0 840.0  232.7 1596.9 
W E  -0.189 76.0 58.3  -2.738 60.6 120.9  -0.660 139.4 53.6  -0.281 100.1 54.2  -0.043 76.3 65.4  0.366 136.4 70.6 
D C  631.6 262.2  485.8 1013.0  -177.4 888.3 
F 1337.237460 396.733955 0.139962
E -2.624999 86.195896 88.673286 0.246971
W C  1039.7 118.3  1864.0 728.3  1616.5 1460.7  961.0 1249.9  523.0 839.9  232.7 1597.0 
W E  -0.190 76.0 58.3  -2.739 60.5 120.8  -0.660 139.3 53.5  -0.281 100.1 54.2  -0.043 76.3 65.4  0.366 136.4 70.6 
D C  597.3 265.3  449.4 1015.8  -211.3 886.6 
F 1337.469072 396.329867 0.136369
E -2.425532 85.342281 87.739828 0.224287
W C  1039.8 118.3  1863.9 728.4  1616.5 1460.6  961.1 1249.9  523.0 840.0  232.7 1597.0 
W E  -0.191 76.0 58.2  -2.739 60.5 120.8  -0.659 139.3 53.5  -0.281 100.1 54.2  -0.043 76.3 65.4  0.366 136.4 70.6 
D C  549.5 266.6  401.0 1013.9  -258.8 889.9 
F 1382.228014 402.618017 0.137138
E -2.958992 86.328031 89.769285 0.237655
W C  1039.7 118.3  1863.9 728.5  1616.5 1460.6  961.1 1249.9  523.0 839.9  232.7 1597.0 
W E  -0.192 75.9 58.2  -2.739 60.4 120.7  -0.659 139.3 53.4  -0.281 100.0 54.1  -0.043 76.3 65.4  0.366 136.3 70.6 
D C  534.7 265.6  387.7 1016.7  -272.4 895.5 
F 1425.969086 408.369481 0.136057
E -3.107376 86.533263 92.845700 0.250813
W C  1039.6 118.3  1863.9 728.5  1616.5 1460.6  961.2 1249.9  523.0 839.9  232.7 1597.0 
W E  -0.192 75.9 58.2  -2.740 60.4 120.7  -0.659 139.3 53.4  -0.281 100.0 54.1  -0.043 76.3 65.4  0.366 136.3 70.6 
D C  487.4 268.7  335.3 1017.6 
F 1470.031804 414.596609 0.139778
E 3.124968 86.650391 96.217901 0.258992
W C  1039.6 118.3  1864.0 728.6  1616.5 1460.6  961.1 1249.8  522.9 839.9  232.8 1597.0 
W E  -0.193 75.9 58.2  -2.740 60.3 120.6  -0.659 139.2 53.3  -0.281 100.0 54.1  -0.043 76.3 65.4  0.366 136.3 70.6 
D C  455.4 265.9  303.6 1014.8 
F 1469.980591 414.241927 0.138181
E 3.134605 86.293024 94.958082 0.238827
W C  1039.5 118.3  1864.0 728.6  1616.5 1460.6  961.2 1249.8  522.9 839.9  232.8 1597.0 
W E  -0.194 75.9 58.2  -2.741 60.3 120.6  -0.659 139.2 53.3  -0.281 100.0 54.1  -0.043 76.3 65.4  0.366 136.3 70.6 
D C  436.2 267.4  290.6 1016.7 
F 1514.576743 419.862718 0.135141
E 3.102970 86.393646 98.394699 0.252798
W C  1039.5 118.2  1863.9 728.7  1616.6 1460.6  961.2 1249.8  522.9 839.9  232.8 1597.0 
W E  -0.194 75.8 58.2  -2.741 60.2 120.5  -0.659 139.2 53.2  -0.281 100.0 54.1  -0.043 76.3 65.4  0.366 136.3 70.6 
D C  389.4 271.1  237.9 1018.8 
F 1558.501126 425.914500 0.135921
E 3.084897 86.457291 102.013695 0.260800
W C  1039.4 118.2  1864.0 728.7  1616.6 1460.6  961.2 1249.8  522.9 839.9  232.8 1597.0 
W E  -0.195 75.8 58.2  -2.742 60.1 120.5  -0.659 139.2 53.2  -0.281 100.0 54.1  -0.043 76.3 65.4  0.366 136.3 70.6 
D C  372.0 272.8  218.6 1021.1 
F 1602.392796 432.137636 0.140672
E 3.072972 86.466488 105.797172 0.265594
W C  1039.3 118.2  1864.2 728.7  1616.6 1460.6  961.2 1249.8  522.9 839.9  232.8 1597.0 
W E  -0.195 75.8 58.2  -2.742 60.1 120.4  -0.659 139.1 53.2  -0.281 100.0 54.1  -0.043 76.3 65.4  0.366 136.3 70.6 
D C  327.8 272.8  173.6 1023.7 
F 1643.917589 438.970780 0.147675
E 3.064087 86.359727 109.538647 0.267123
W C  1039.1 118.2  1864.5 728.7  1616.6 1460.6  961.2 1249.8  522.8 839.9  232.8 1597.1 
W E  -0.196 75.8 58.2  -2.743 60.0 120.3  -0.659 139.1 53.1  -0.281 100.0 54.1  -0.043 76.3 65.4  0.366 136.3 70.6 
D C  311.1 273.8  154.6 1026.0 
F 1649.960653 439.379307 0.148626
E 3.058691 85.885623 108.991128 0.246596
W C  1039.0 118.1  1864.5 728.7  1616.6 1460.7  961.2 1249.8  522.8 839.9  232.8 1597.1 
W E  -0.196 75.8 58.2  -2.743 59.9 120.3  -0.659 139.1 53.1  -0.281 100.0 54.1  -0.043 76.3 65.4  0.366 136.3 70.6 
D C  275.0 275.4  119.7 1028.7 
F 1650.387942 438.064101 0.141355
E 3.057275 85.504569 107.987143 0.231494
W C  1039.0 118.1  1864.4 728.8  1616.6 1460.7  961.2 1249.8  522.8 839.9  232.8 1597.0 
W E  -0.197 75.7 58.2  -2.744 59.9 120.2  -0.659 139.0 53.0  -0.281 100.0 54.1  -0.043 76.3 65.4  0.366 136.3 70.6 
D C  236.5 272.9  87.6 1026.0 
F 1650.673288 437.184729 0.136640
E 3.058917 85.167407 107.187804 0.220161
W C  1039.1 118.1  1864.3 728.9  1616.7 1460.6  961.2 1249.8  522.8 839.9  232.8 1597.0 
W E  -0.197 75.7 58.2  -2.745 59.8 120.1  -0.658 139.0 53.0  -0.281 100.0 54.1  -0.043 76.3 65.4  0.366 136.3 70.6 
D C  238.9 274.0  90.6 1024.0 
F 1650.884904 436.522699 0.133176
E 3.062431 84.860245 106.519541 0.211284
W C  1039.1 118.1  1864.2 728.9  1616.8 1460.6  961.2 1249.8  522.8 839.9  232.8 1597.0 
W E  -0.198 75.7 58.2  -2.745 59.7 120.1  -0.658 139.0 53.0  -0.280 100.0 54.1  -0.043 76.3 65.4  0.366 136.3 70.6 
D C  240.1 275.4  90.5 1022.8 
F 1651.077707 436.056249 0.130596
E 3.067130 84.574857 105.942445 0.204105
W C  1039.1 118.1  1864.1 729.0  1616.8 1460.6  961.2 1249.8  522.9 839.9  232.8 1597.0 
W E  -0.198 75.7 58.2  -2.746 59.7 120.0  -0.658 139.0 52.9  -0.280 100.0 54.1  -0.042 76.3 65.4  0.366 136.3 70.6 
D C  239.5 274.7  90.1 1019.0 
F 1651.238929 435.649319 0.128549
E 3.072591 84.306016 105.432782 0.198156
W C  1039.1 118.1  1864.0 729.1  1616.9 1460.6  961.3 1249.8  522.9 839.9  232.8 1597.0 
W E  -0.199 75.7 58.2  -2.746 59.6 120.0  -0.658 138.9 52.9  -0.280 100.0 54.1  -0.042 76.3 65.4  0.365 136.3 70.6 
D C  238.7 273.7  90.6 1024.2 
F 1651.378840 435.312978 0.126913
E 3.078539 84.050326 104.975270 0.193127
W C  1039.1 118.1  1863.9 729.1  1616.9 1460.6  961.3 1249.8  522.9 839.9  232.8 1597.0 
W E  -0.199 75.7 58.2  -2.747 59.6 119.9  -0.658 138.9 52.9  -0.280 100.0 54.1  -0.042 76.3 65.3  0.365 136.3 70.6 
D C  238.7 273.7  90.6 1024.6 
F 1651.496533 435.028903 0.125578
E 3.084792 83.805445 104.559569 0.188808
W C  1039.2 118.1  1863.8 729.1  1617.0 1460.5  961.3 1249.8  522.9 839.8  232.8 1597.0 
W E  -0.199 75.6 58.1  -2.747 59.5 119.9  -0.658 138.9 52.8  -0.280 100.0 54.1  -0.042 76.3 65.3  0.365 136.3 70.6 
D C  239.2 274.3  90.6 1024.1 
